dt(s) Druck(10^-3mbar) Ar_Flow(sccm) O2_Flow(sccm) O2PartialPressure(10^-3mbar) MDX500V MDX500I Mean_Loop_Duration(ms) VarO2PartialPressure VarMDX500V Timesteps(sec):30,000000 startpoint(sccm):0,760000 steps(sccm):0,100000
5 3,98 8,27 0,1 -0,01 306,64 0,1 31 0 2,4
11,43 3,98 8,27 0,1 -0,01 305,78 0,1 31 0 1,49
16,97 3,99 8,27 0,1 -0,01 306,08 0,1 31 0 2,85
23,33 3,98 8,27 0,1 -0,01 304,99 0,1 31 0,01 2,23
28,87 3,98 8,27 0,1 -0,02 305,56 0,1 31 0,01 2,45
35,2 4 8,27 0,74 0 319,56 0,1 31 0,01 3,46
41,67 4,01 8,27 0,75 0,02 302,07 0,1 31 0 2,71
47,1 4,08 8,27 0,75 0,08 254,3 0,1 31 0,01 2,63
53,53 4,1 8,27 0,76 0,11 237,84 0,1 31 0 1,49
59 4,11 8,27 0,76 0,12 236,63 0,1 31 0,01 2
65,43 4,15 8,27 0,85 0,15 236,71 0,1 31 0,01 1,9
70,97 4,18 8,27 0,86 0,19 238,04 0,1 31 0 1,62
77,33 4,17 8,27 0,86 0,18 236,82 0,1 31 0,01 1,38
83,77 4,19 8,27 0,86 0,2 239,08 0,1 31 0 2,52
89,2 4,19 8,27 0,86 0,2 237,67 0,1 31 0,01 2,59
95,67 4,23 8,27 0,95 0,24 237,16 0,1 31 0,01 2,48
101,1 4,24 8,27 0,96 0,25 236,92 0,1 31 0,01 1,22
107,53 4,26 8,27 0,96 0,27 237,69 0,1 31 0 1,65
113 4,23 8,27 0,96 0,24 238,07 0,1 31 0 2,22
119,43 4,26 8,27 0,96 0,26 238,73 0,1 31 0,01 2,36
125,87 4,28 8,27 1,05 0,29 237,37 0,1 31 0 2,7
131,3 4,29 8,27 1,06 0,3 237,88 0,1 31 0,01 2,05
137,77 4,3 8,27 1,06 0,3 238,39 0,1 31 0 2,22
143,2 4,3 8,27 1,06 0,3 237,27 0,1 31 0,01 2,23
149,63 4,31 8,27 1,06 0,31 237,24 0,1 31 0 2,37
155,07 4,33 8,27 1,15 0,34 238,57 0,1 31 0,01 1,35
161,53 4,36 8,27 1,16 0,36 236,98 0,1 31 0,01 1,61
167,97 4,35 8,27 1,16 0,36 238,64 0,1 31 0,01 2
173,4 4,35 8,27 1,16 0,36 237,59 0,1 31 0,01 2,07
179,87 4,35 8,27 1,16 0,36 237,75 0,1 31 0,01 1,6
185,3 4,38 8,27 1,25 0,39 237,36 0,1 31 0,01 3,44
191,73 4,42 8,27 1,26 0,42 237,95 0,1 31 0,01 2,22
197,2 4,39 8,27 1,26 0,4 236,95 0,1 31 0,01 2,25
203,63 4,39 8,27 1,26 0,4 238,31 0,1 31 0,01 2,38
209,07 4,39 8,27 1,26 0,4 236,87 0,1 31 0 2,29
215,5 4,44 8,27 1,35 0,44 237,66 0,1 31 0,01 2,95
221,97 4,43 8,27 1,36 0,44 236,92 0,1 31 0 2,34
227,4 4,43 8,27 1,36 0,44 238,04 0,1 31 0,01 2,61
233,83 4,43 8,27 1,36 0,43 236,68 0,1 31 0,01 1,6
239,3 4,45 8,27 1,36 0,46 236,05 0,1 31 0,01 1,87
245,73 4,49 8,27 1,45 0,5 237,47 0,1 31 0,01 2,36
251,17 4,47 8,27 1,46 0,48 236,9 0,1 31 0,01 1,16
257,63 4,42 8,27 1,46 0,43 235,87 0,1 31 0,01 2,2
264 4,16 8,27 1,44 0,17 236,9 0,1 31 0,01 1,72
269,5 4,42 8,27 1,46 0,43 236,63 0,1 31 0,01 1,55
275,97 4,49 8,27 1,55 0,49 235,89 0,1 31 0 2,41
281,4 4,5 8,27 1,56 0,51 236,66 0,1 31 0 1,76
287,83 4,52 8,27 1,56 0,53 236,69 0,1 31 0,01 1,77
293,3 4,52 8,27 1,56 0,52 236,54 0,1 31 0,02 2,42
299,73 4,51 8,27 1,56 0,51 236,93 0,1 31 0,01 2,45
306,07 4,55 8,27 1,65 0,56 235,42 0,1 31 0 1,93
311,6 4,55 8,27 1,66 0,56 236,59 0,1 31 0,01 2,43
318 4,56 8,27 1,66 0,57 236,95 0,1 31 0,01 2,27
323,5 4,56 8,27 1,66 0,57 236,89 0,1 31 0 1,63
329,93 4,57 8,27 1,66 0,57 235,83 0,1 31 0,01 2,14
335,4 4,61 8,27 1,72 0,61 235,91 0,1 31 0,01 1,92
341,83 4,51 8,27 1,57 0,51 236,43 0,1 31 0,01 1,98
348,17 4,5 8,27 1,56 0,51 236,01 0,1 31 0,01 1,87
353,73 4,51 8,27 1,56 0,51 237,51 0,1 31 0 3,34
360,07 4,52 8,27 1,56 0,52 235,81 0,1 31 0,01 1,56
365,6 4,52 8,27 1,54 0,53 236,77 0,1 31 0 2,55
372 4,5 8,27 1,46 0,51 236,43 0,1 31 0,01 1,76
377,5 4,49 8,27 1,46 0,5 236,49 0,1 31 0 2,36
383,93 4,49 8,27 1,46 0,49 236,53 0,1 31 0 1,26
389,37 4,49 8,27 1,46 0,5 235,88 0,1 31 0,01 1,81
395,83 4,49 8,27 1,43 0,49 234,87 0,1 31 0 2,21
402,17 4,45 8,27 1,36 0,45 235,87 0,1 31 0,01 2,56
407,7 4,45 8,27 1,36 0,46 235,34 0,1 31 0,01 2,1
414,07 4,45 8,27 1,36 0,45 235,72 0,1 31 0 1,48
419,6 4,46 8,27 1,36 0,47 234,81 0,1 31 0,01 2,17
426 4,45 8,27 1,33 0,46 236,5 0,1 31 0 1,39
431,47 4,42 8,27 1,27 0,42 235,15 0,1 31 0,01 1,96
437,93 4,4 8,27 1,26 0,4 235,87 0,1 31 0,01 1,88
444,27 4,41 8,27 1,26 0,42 235,47 0,1 31 0,01 1,6
449,8 4,42 8,27 1,26 0,42 233,95 0,1 31 0 1,24
456,17 4,42 8,27 1,22 0,43 235,39 0,1 31 0 1,44
461,7 4,38 8,27 1,17 0,38 234,81 0,1 31 0,01 1,66
468,03 4,36 8,27 1,16 0,36 235,46 0,1 31 0 2,16
473,6 4,35 8,27 1,16 0,36 235,78 0,1 31 0,01 1,43
480 4,36 8,27 1,16 0,36 235,4 0,1 31 0 2,26
486,37 4,36 8,27 1,12 0,37 234,94 0,1 31 0,01 1,47
491,93 4,33 8,27 1,06 0,34 234,76 0,1 31 0,01 1,58
498,27 4,33 8,27 1,06 0,34 235 0,1 31 0 1,35
503,8 4,33 8,27 1,06 0,34 235,13 0,1 31 0 1,86
510,17 4,33 8,27 1,06 0,34 234,12 0,1 31 0 2,32
515,7 4,33 8,27 1,04 0,34 234,8 0,1 31 0,01 1,19
522,03 4,3 8,27 0,96 0,31 234,24 0,1 31 0 2,7
528,5 4,29 8,27 0,96 0,3 235,69 0,1 31 0 1,73
534 4,29 8,27 0,96 0,3 234,58 0,1 31 0,01 2,3
540,37 4,28 8,27 0,96 0,29 234,58 0,1 31 0 2,43
545,9 4,28 8,27 0,93 0,29 234,53 0,1 31 0 1,82
552,27 4,24 8,27 0,86 0,25 233,8 0,1 31 0,01 1,48
557,8 4,25 8,27 0,86 0,25 234,48 0,1 31 0,01 1,99
564,13 4,25 8,27 0,86 0,25 236,1 0,1 31 0,01 2,14
569,67 4,25 8,27 0,86 0,26 234,15 0,1 31 0 2,37
576,03 4,25 8,27 0,83 0,25 233,34 0,1 31 0,01 1,88
582,47 4,2 8,27 0,76 0,21 234,45 0,1 31 0 1,34
588 4,2 8,27 0,76 0,2 234,71 0,1 31 0,01 2,09
594,37 4,21 8,27 0,76 0,22 233,58 0,1 31 0,01 2,18
599,9 4,21 8,27 0,76 0,22 233,58 0,1 31 0 1,96
606,23 4,18 8,27 0,08 0,19 234,18 0,1 31 0,02 1,74
5 4,02 8,36 0,11 0,02 314,55 0,12 31 0 1,99
11,4 4,02 8,36 0,11 0,01 314,81 0,12 31 0,02 2,47
16,93 3,96 8,36 0,11 -0,04 314,05 0,12 31 0 3,08
23,27 4,02 8,36 0,11 0,01 314,03 0,12 31 0,01 1,2
28,8 4 8,36 0,11 0 314,35 0,12 31 0,01 1,85
35,17 4,05 8,36 0,74 0,05 323,01 0,12 31 0,02 2,16
41,6 4,02 8,36 0,75 0,02 324,97 0,12 31 0,01 2,23
47,03 4,01 8,36 0,75 0,01 325,17 0,12 31 0 2,12
53,5 4,02 8,36 0,76 0,02 327,19 0,12 31 0 2,8
59 4,02 8,36 0,76 0,02 328,5 0,12 31 0 1,91
65,37 4,05 8,36 0,85 0,05 323,19 0,12 31 0,01 1,34
70,9 4,08 8,36 0,86 0,08 303,95 0,12 31 0,01 1,6
77,27 4,11 8,36 0,86 0,11 265,85 0,12 31 0,01 2,46
82,8 4,15 8,36 0,86 0,14 244,16 0,12 31 0,01 2,08
89,17 4,17 8,36 0,86 0,17 244,22 0,12 31 0,01 1,8
95,6 4,22 8,36 0,95 0,21 244,01 0,12 31 0,01 1,05
101,03 4,24 8,36 0,96 0,24 244,15 0,12 31 0,01 1,72
107,5 4,23 8,36 0,96 0,23 243,73 0,12 31 0 1,42
113 4,25 8,36 0,96 0,25 242,95 0,12 31 0,01 2,39
119,37 4,24 8,36 0,96 0,24 244,85 0,12 31 0 2,97
124,9 4,28 8,36 1,05 0,27 245,21 0,12 31 0,01 1,44
131,27 4,28 8,36 1,06 0,28 244,65 0,12 31 0,01 1,91
137,7 4,28 8,36 1,06 0,28 244,79 0,12 31 0,01 2,06
143,17 4,3 8,36 1,06 0,3 245,28 0,12 31 0,01 2,36
149,6 4,31 8,36 1,06 0,3 243,8 0,12 31 0,01 0,82
155,07 4,34 8,36 1,15 0,33 244,23 0,12 31 0 1,21
161,5 4,35 8,36 1,16 0,35 245,63 0,12 31 0,01 1,41
167 4,35 8,36 1,16 0,35 245,35 0,12 31 0,01 1,75
173,4 4,35 8,36 1,16 0,35 244,43 0,12 31 0,01 1,85
179,83 4,36 8,36 1,16 0,36 245,63 0,12 31 0,01 2,37
185,27 4,36 8,36 1,25 0,36 245,49 0,12 31 0,01 2,42
191,73 4,28 8,36 1,28 0,28 244,29 0,12 31 0,01 1,45
197,17 4,15 8,36 1,24 0,15 245,7 0,12 31 0,01 1,74
203,6 4,37 8,36 1,26 0,37 244,78 0,12 31 0 2,45
209,07 4,4 8,36 1,26 0,4 245,71 0,12 31 0,01 1,73
215,5 4,44 8,36 1,35 0,44 246,2 0,12 31 0,01 1,18
221,93 4,44 8,36 1,36 0,44 244,71 0,12 31 0 1,45
227,4 4,45 8,36 1,36 0,45 245,42 0,12 31 0,01 1,86
233,83 4,44 8,36 1,36 0,44 246,9 0,12 31 0 1,65
239,3 4,45 8,36 1,36 0,45 245,98 0,12 31 0,01 2,71
245,73 4,49 8,36 1,45 0,49 245,71 0,12 31 0 1,92
251,17 4,49 8,36 1,46 0,49 245,91 0,12 31 0 1,48
257,63 4,49 8,36 1,46 0,49 246,83 0,12 31 0,01 1,7
263,07 4,49 8,36 1,46 0,49 245,63 0,12 31 0 2,22
269,5 4,48 8,36 1,46 0,48 245,14 0,12 31 0 1,55
275,97 4,51 8,36 1,55 0,51 245,84 0,12 31 0,01 1,16
281,4 4,52 8,36 1,56 0,52 245,84 0,12 31 0 1,87
287,83 4,52 8,36 1,56 0,52 244,86 0,12 31 0 1,76
293,3 4,53 8,36 1,56 0,52 245,85 0,12 31 0 2,79
299,73 4,56 8,36 1,56 0,56 246,76 0,12 31 0,01 2,44
305,17 4,56 8,36 1,65 0,56 245,78 0,12 31 0,01 2,1
311,63 4,57 8,36 1,57 0,57 245,72 0,12 31 0,01 1,19
318 4,55 8,36 1,56 0,55 245,71 0,12 31 0,01 0,97
323,5 4,55 8,36 1,56 0,55 244,93 0,12 31 0 1,5
329,97 4,54 8,36 1,56 0,54 246,19 0,12 31 0,01 1,82
335,4 4,53 8,36 1,56 0,52 245,91 0,12 31 0,01 1,72
341,83 4,5 8,36 1,47 0,5 245,78 0,12 31 0,01 2,62
347,3 4,52 8,36 1,46 0,51 245,35 0,12 31 0 1,92
353,73 4,5 8,36 1,46 0,49 245,2 0,12 31 0 2,08
360,1 4,5 8,36 1,46 0,5 245,35 0,12 31 0 2,32
365,63 4,5 8,36 1,46 0,49 245,78 0,12 31 0,01 1,54
372 4,44 8,36 1,37 0,44 246,2 0,12 31 0,02 1,58
377,53 4,44 8,36 1,36 0,44 246,76 0,12 31 0,01 1,87
383,97 4,45 8,36 1,36 0,45 245,01 0,12 31 0,01 1,48
389,4 4,46 8,36 1,36 0,45 246,13 0,12 31 0,01 1,66
395,87 4,46 8,36 1,36 0,46 246,33 0,12 31 0 1,72
402,2 4,45 8,36 1,27 0,44 246,13 0,12 31 0,01 1,99
407,73 4,45 8,36 1,26 0,44 244,44 0,12 31 0 1,84
414,1 4,43 8,36 1,26 0,43 245,63 0,12 31 0,01 1,66
419,63 4,45 8,36 1,26 0,45 244,16 0,12 31 0,01 2,15
426 4,45 8,36 1,26 0,45 244,29 0,12 31 0,01 1,82
431,53 4,41 8,36 1,17 0,41 244,3 0,12 31 0 1,79
437,97 4,41 8,36 1,16 0,41 244,92 0,12 31 0,01 1,25
443,43 4,4 8,36 1,16 0,4 245 0,12 31 0,01 1,89
449,87 4,39 8,36 1,16 0,39 245,63 0,12 31 0,01 2,05
456,2 4,4 8,36 1,16 0,4 244,51 0,12 31 0,01 1,68
461,77 4,36 8,36 1,07 0,36 245,06 0,12 31 0,01 0,77
468,1 4,36 8,36 1,06 0,36 244,5 0,12 31 0,01 1,96
473,63 4,37 8,36 1,06 0,37 244,78 0,12 31 0 2,04
480 4,36 8,36 1,06 0,36 245,56 0,12 31 0 1,88
485,53 4,37 8,36 1,06 0,37 244,3 0,12 31 0 1,79
491,97 4,33 8,36 0,97 0,33 244,72 0,12 31 0 1,66
498,33 4,33 8,36 0,96 0,33 244,65 0,12 31 0 1,26
503,87 4,31 8,36 0,96 0,3 244,37 0,12 31 0 1,63
510,23 4,32 8,36 0,96 0,32 244,3 0,12 31 0,01 1,23
515,77 4,31 8,36 0,96 0,31 244,22 0,12 31 0 1,13
522,1 4,28 8,36 0,87 0,28 244,94 0,12 31 0 2,23
527,63 4,28 8,36 0,86 0,28 244,01 0,12 31 0,01 1,89
534 4,28 8,36 0,86 0,28 243,6 0,12 31 0 1,37
540,43 4,29 8,36 0,86 0,28 244,01 0,12 31 0 1,7
546 4,28 8,36 0,86 0,28 244,15 0,12 31 0 1,54
552,33 4,25 8,36 0,77 0,25 244,78 0,12 31 0 1,58
557,87 4,23 8,36 0,76 0,23 243,87 0,12 31 0 1,48
564,23 4,24 8,36 0,76 0,24 244,72 0,12 31 0 1,48
569,77 4,24 8,36 0,76 0,24 243,38 0,12 31 0 1,55
576,13 4,24 8,36 0,76 0,24 243,88 0,12 31 0,01 2,23
582,57 4,05 8,36 0,1 0,05 315,99 0,12 31 0,01 1,2
4,8 4 8,18 0,14 0 330,01 0,16 33 0,01 0,99
11,57 4 8,18 0,14 -0 330,47 0,16 32 0 1,35
17,33 3,99 8,18 0,14 -0,01 329,25 0,16 32 0 2,02
23,13 4,02 8,18 0,14 0,02 330,22 0,16 32 0,01 1,83
28,97 4 8,18 0,14 0 329,73 0,16 32,4 0 1,33
34,77 3,99 8,18 0,75 -0,01 336,03 0,16 32,73 0,01 2,36
41,53 4,01 8,18 0,75 0,01 337,11 0,16 32,07 0,01 2,68
47,3 3,99 8,18 0,75 -0,01 338,06 0,16 32,6 0,01 1,52
53,1 4,02 8,18 0,76 0,02 339,67 0,16 32 0 2,52
58,93 4,01 8,18 0,76 0,01 340,47 0,16 32 0,01 1,05
65,7 4,01 8,18 0,85 0,01 344,43 0,16 32 0 2,03
71,5 4,02 8,18 0,86 0,02 344,84 0,16 32,17 0,01 2,02
77,27 4,03 8,18 0,86 0,03 344,46 0,16 32 0,01 1,97
83,07 4,03 8,18 0,86 0,03 344,31 0,16 32 0,02 2,1
89,87 3,97 8,18 0,86 -0,02 345,23 0,16 32 0,01 2,13
95,67 4,04 8,18 0,95 0,04 343,45 0,16 32 0,01 4,26
101,47 4,06 8,18 0,96 0,06 333,4 0,16 32 0,01 3,37
107,27 4,07 8,18 0,96 0,07 312,18 0,16 32,9 0 2,07
113,03 4,11 8,18 0,96 0,11 262,71 0,16 32,2 0,01 2,74
119,83 4,19 8,18 0,96 0,19 250,11 0,16 32,57 0,01 1,9
125,63 4,24 8,18 1,05 0,24 249,64 0,16 32 0,01 2
131,43 4,26 8,18 1,06 0,26 250,11 0,16 32,83 0,01 1,46
137,23 4,28 8,18 1,06 0,28 250,26 0,16 32,5 0,01 1,25
144 4,28 8,18 1,06 0,28 249,06 0,16 32,9 0,01 1,55
149,83 4,27 8,18 1,06 0,27 249,69 0,16 32,17 0,01 2,55
155,63 4,31 8,18 1,15 0,31 250,79 0,16 32,53 0,01 1,35
161,4 4,31 8,18 1,16 0,31 250,11 0,16 32,2 0,01 1,32
168,17 4,33 8,18 1,16 0,33 249,8 0,16 32 0,01 2,16
174 4,33 8,18 1,16 0,33 250,9 0,16 32 0,01 1,97
179,8 4,34 8,18 1,16 0,34 249,53 0,16 32,17 0,01 1,87
185,6 4,36 8,18 1,25 0,36 250,48 0,16 32 0,01 1,73
192,37 4,38 8,18 1,26 0,38 249,9 0,16 32 0 2,12
198,17 4,37 8,18 1,26 0,37 251,05 0,16 32 0 1,35
204 4,39 8,18 1,26 0,39 250,63 0,16 32,2 0,01 1,84
209,77 4,36 8,18 1,26 0,36 251,32 0,16 32,47 0,02 1,89
215,57 4,42 8,18 1,35 0,42 250,43 0,16 32,83 0,01 2,23
222,33 4,4 8,18 1,36 0,4 251,06 0,16 32,83 0,01 2,64
228,13 4,41 8,18 1,36 0,41 249,74 0,16 32 0,01 1,96
233,97 4,44 8,18 1,36 0,44 250,89 0,16 32 0,01 1,59
239,77 4,41 8,18 1,36 0,41 251,05 0,16 32 0,01 1,98
246,53 4,43 8,18 1,45 0,43 249,48 0,16 32,4 0,02 1,28
252,3 4,45 8,18 1,46 0,45 250,89 0,16 32,03 0,01 1,98
258,1 4,44 8,18 1,46 0,44 251,84 0,16 32,27 0 2,01
263,93 4,45 8,18 1,46 0,45 251,68 0,16 32 0 1,92
270,7 4,44 8,18 1,47 0,45 251,38 0,16 33 0,01 2,63
276,5 4,48 8,18 1,55 0,48 251,84 0,16 32 0,01 1,36
282,3 4,5 8,18 1,56 0,5 249,8 0,16 32,33 0,01 2,3
288,1 4,5 8,18 1,56 0,5 251,31 0,16 32 0,01 1,73
293,93 4,49 8,18 1,56 0,5 251,54 0,16 32 0,01 3,72
300,7 4,51 8,18 1,57 0,51 252,06 0,16 32 0,01 2,33
306,47 4,57 8,18 1,65 0,57 252,11 0,16 32 0,01 2,2
312,27 4,56 8,18 1,66 0,56 249,69 0,16 32,5 0,01 2,01
318,07 4,56 8,18 1,66 0,56 251,32 0,16 32,8 0,01 2,75
324,87 4,55 8,18 1,66 0,55 251,9 0,16 32 0,01 2,32
330,67 4,57 8,18 1,67 0,57 252,16 0,16 32,5 0 2,79
336,47 4,57 8,18 1,69 0,57 251,63 0,16 32,17 0,01 2,73
342,27 4,57 8,18 1,66 0,57 251,11 0,16 32,1 0,01 2,03
349,03 4,57 8,18 1,66 0,57 252,11 0,16 32,5 0,02 3,06
354,83 4,57 8,18 1,66 0,57 251,89 0,16 32 0,02 2,28
360,63 4,56 8,18 1,66 0,56 252,36 0,16 32 0,01 1,16
366,43 4,55 8,18 1,6 0,55 252,21 0,16 32,53 0,01 2,44
373,2 4,51 8,18 1,56 0,51 250,95 0,16 32,07 0 2,31
379 4,52 8,18 1,56 0,52 252,21 0,16 32,8 0,01 2,51
384,83 4,53 8,18 1,56 0,53 251,42 0,16 32 0,02 1,59
390,63 4,52 8,18 1,56 0,52 252,11 0,16 32,1 0 2,04
396,4 4,52 8,18 1,5 0,52 251,99 0,16 32,2 0 1,46
403,17 4,5 8,18 1,46 0,5 251,11 0,16 32 0,01 2,3
409 4,5 8,18 1,46 0,5 251,73 0,16 32 0,01 1,79
414,8 4,5 8,18 1,46 0,5 250,26 0,16 32 0,01 1,6
420,6 4,49 8,18 1,46 0,49 251 0,16 32,4 0,01 1,63
427,37 4,46 8,18 1,38 0,47 250,43 0,16 32 0,01 2,76
433,17 4,46 8,18 1,36 0,46 251,84 0,16 32,7 0,01 1,72
439 4,47 8,18 1,36 0,47 251,52 0,16 32,6 0,01 2,2
444,8 4,44 8,18 1,36 0,44 250,79 0,16 32,1 0 2,55
451,53 4,46 8,18 1,36 0,46 251,84 0,16 32,3 0,01 1,51
457,33 4,42 8,18 1,28 0,42 251,85 0,16 32 0,01 2,57
463,13 4,42 8,18 1,26 0,42 250,47 0,16 32 0 1,09
468,97 4,42 8,18 1,26 0,42 251,84 0,16 32 0,01 1,72
474,77 4,42 8,18 1,26 0,42 251,11 0,16 32,67 0,01 2,09
481,53 4,42 8,18 1,26 0,43 251,42 0,16 32 0,01 1,97
487,33 4,4 8,18 1,18 0,41 250,47 0,16 32,37 0 1,47
493,13 4,4 8,18 1,16 0,4 250,53 0,16 33 0,01 1,5
498,93 4,38 8,18 1,16 0,38 251,74 0,16 32,93 0,01 2,31
505,7 4,39 8,18 1,16 0,39 252 0,16 32 0,01 1,9
511,5 4,37 8,18 1,16 0,37 251,37 0,16 32 0,01 1,87
517,3 4,35 8,18 1,09 0,35 250,64 0,16 32 0,02 2,22
523,1 4,36 8,18 1,06 0,36 250,06 0,16 32 0,01 1,91
529,9 4,34 8,18 1,06 0,34 250,21 0,16 32 0 1,64
535,7 4,34 8,18 1,06 0,34 250,01 0,16 32,97 0 2,44
541,5 4,34 8,18 1,06 0,34 251 0,16 32,37 0 1,81
547,3 4,31 8,18 0,99 0,31 250,69 0,16 32 0,01 2,76
554,03 4,3 8,18 0,96 0,3 250,9 0,16 32,13 0 2,1
559,87 4,31 8,18 0,96 0,31 250,74 0,16 32,53 0 2,42
565,67 4,27 8,18 0,96 0,27 250,69 0,16 32,17 0,01 2,63
571,47 4,33 8,18 0,96 0,33 249,37 0,16 32,9 0,01 1,51
577,27 4,3 8,18 0,89 0,3 250,43 0,16 32 0,01 2,19
584,03 4,28 8,18 0,86 0,28 251,31 0,16 32,9 0,01 1,91
589,87 4,27 8,18 0,86 0,27 250,79 0,16 32 0,01 1,92
595,67 4,26 8,18 0,86 0,26 250,79 0,16 32 0,01 1,41
601,43 4,27 8,18 0,86 0,27 250,79 0,16 32 0,01 2,02
608,2 4,24 8,18 0,78 0,24 250 0,16 32,77 0,01 1,26
614 4,21 8,18 0,76 0,21 250,63 0,16 32,57 0 1,8
619,83 4,21 8,18 0,76 0,21 249,74 0,16 32 0,01 1,49
625,63 4,22 8,18 0,76 0,22 250,52 0,16 32 0 1,26
632,4 4,22 8,18 0,76 0,22 251,16 0,16 32 0,01 2,2
638,2 4,06 8,18 0,13 0,07 330,83 0,16 32 0 4,93
11,13 3,99 8,12 0,12 -0,01 346,34 0,2 32 0,01 1,3
16,97 3,98 8,12 0,12 -0,01 345,12 0,2 32 0,01 1,17
22,77 3,94 8,12 0,12 -0,05 345 0,2 32,4 0,01 1,72
29,5 3,99 8,12 0,12 -0,01 345,27 0,2 33 0,02 1,47
35,3 4,01 8,12 0,74 0,01 353,46 0,2 32 0,01 2,14
41,1 3,99 8,12 0,75 -0 355,62 0,2 32,37 0,01 2,27
46,93 3,99 8,12 0,75 -0 355,43 0,2 32,03 0,01 0,84
53,7 3,95 8,12 0,76 -0,05 357,76 0,2 32 0,01 5,2
59,5 3,98 8,12 0,76 -0,02 356,17 0,2 32 0,01 1,68
65,3 3,99 8,12 0,85 -0 358,2 0,2 33 0,01 1,77
71,07 3,95 8,12 0,86 -0,04 358,54 0,2 32 0,01 1,64
77,87 3,98 8,12 0,86 -0,01 358,51 0,2 32 0 1,55
83,67 3,97 8,12 0,86 -0,03 357,96 0,2 32 0,01 1,39
89,47 3,96 8,12 0,86 -0,04 352,43 0,2 32,5 0,01 13,8
95,27 3,97 8,12 0,95 -0,03 359,93 0,2 32,2 0,01 1,55
101,07 3,99 8,12 0,96 -0,01 361,39 0,19 32,87 0,01 4,31
107,83 3,97 8,12 0,96 -0,03 359,94 0,2 32,57 0,01 2,13
113,63 3,95 8,12 0,96 -0,04 360,67 0,2 32,07 0,01 1,45
119,43 3,98 8,12 0,96 -0,01 360,77 0,2 32,8 0,01 2,84
125,23 4,01 8,12 1,05 0,01 351,97 0,19 32 0,01 16,22
132 4,04 8,12 1,06 0,04 351,84 0,2 32,97 0,01 2,45
137,83 4,02 8,12 1,06 0,02 338,93 0,2 32 0,01 3,7
143,63 4,07 8,12 1,06 0,07 299,77 0,2 32 0,01 4,89
149,43 4,17 8,12 1,06 0,18 254,1 0,2 32 0,02 2,09
156,17 4,25 8,12 1,15 0,26 253,56 0,2 32 0,01 1,7
162 4,27 8,12 1,16 0,27 253,5 0,2 32 0,01 2,02
167,8 4,25 8,12 1,16 0,26 254,05 0,2 32 0,01 1,22
173,6 4,24 8,12 1,16 0,24 253,72 0,2 32,63 0,02 2,55
179,4 4,27 8,12 1,16 0,28 254,39 0,2 32 0 1,59
186,17 4,33 8,12 1,25 0,34 254,04 0,2 32 0,02 1,75
192 4,34 8,12 1,26 0,34 253,52 0,2 32 0,01 1,34
197,8 4,33 8,12 1,26 0,34 254,27 0,2 32,77 0,01 1,08
203,6 4,37 8,12 1,26 0,37 253,79 0,2 32 0,02 1,83
210,37 4,34 8,12 1,26 0,34 254,1 0,2 32 0,01 2,88
216,17 4,34 8,12 1,35 0,35 255,11 0,2 33 0,01 1,36
222 4,39 8,12 1,36 0,39 254,53 0,2 32,03 0,01 1,75
227,77 4,39 8,12 1,36 0,4 254,88 0,2 32 0 1,09
234,53 4,4 8,12 1,36 0,4 254,51 0,2 32 0,02 1,55
240,33 4,34 8,12 1,36 0,34 255,13 0,2 32 0,01 1,68
246,13 4,45 8,12 1,45 0,46 255,84 0,2 32,33 0,01 1,01
251,97 4,4 8,12 1,46 0,4 254,4 0,2 32,7 0,01 2,25
257,77 4,55 8,12 1,46 0,56 255,58 0,2 32 0,02 2,27
264,53 4,4 8,12 1,46 0,4 255,48 0,2 32,6 0,04 1,78
270,33 4,44 8,12 1,46 0,44 254,75 0,2 32,23 0,01 1,47
276,13 4,48 8,12 1,55 0,48 255,4 0,2 32 0,02 2,56
281,97 4,49 8,12 1,56 0,5 255,38 0,2 33 0,02 1,99
288,73 4,49 8,12 1,56 0,5 255,68 0,2 32 0,01 2,15
294,53 4,48 8,12 1,56 0,49 255,51 0,2 32 0,02 2,33
300,33 4,41 8,12 1,56 0,41 255,25 0,2 32,27 0,03 1,15
306,13 4,51 8,12 1,65 0,52 255,72 0,2 32 0,01 1,89
311,93 4,53 8,12 1,66 0,53 255,79 0,2 32 0,01 1,72
318,7 4,55 8,12 1,66 0,56 254,96 0,2 32,3 0,01 1,85
324,5 4,52 8,12 1,66 0,52 255,59 0,2 32 0,01 1,44
330,3 4,54 8,12 1,66 0,54 255,35 0,2 32,1 0,01 1,86
336,1 4,5 8,12 1,75 0,5 255,68 0,2 32,8 0,03 2,14
342,9 4,37 8,12 1,75 0,37 255,26 0,2 32,6 0,02 1,31
348,7 4,49 8,12 1,75 0,49 255,42 0,2 32 0,01 1,84
354,5 4,43 8,12 1,76 0,44 255,16 0,2 32,8 0,01 1,65
360,3 4,55 8,12 1,76 0,55 255,79 0,2 32,53 0,02 2,39
366,1 4,62 8,12 1,85 0,62 255,66 0,2 33 0 1,34
372,9 4,61 8,12 1,86 0,62 256,3 0,2 32,9 0,01 1,48
378,7 4,58 8,12 1,86 0,59 255,75 0,2 32,6 0,02 1,77
384,5 4,62 8,12 1,86 0,62 254,91 0,2 33 0,01 1,62
390,27 4,63 8,12 1,86 0,63 256,45 0,2 32,03 0,01 1,8
397,03 4,66 8,12 1,95 0,66 256,27 0,2 32 0 1,61
402,87 4,65 8,12 1,96 0,66 255,3 0,2 32,4 0,01 1,35
408,67 4,71 8,12 1,96 0,72 256,17 0,2 32 0,02 1,61
414,47 4,67 8,12 1,96 0,67 254,93 0,2 32,7 0,01 2,12
420,27 4,66 8,12 1,96 0,67 256,47 0,2 32,4 0,04 1,7
427,03 4,71 8,12 2,05 0,72 255,88 0,2 32,07 0,01 2,55
432,87 4,71 8,12 2,06 0,71 256,17 0,2 32,2 0 2,18
438,67 4,66 8,12 2,06 0,67 256,1 0,2 32 0,02 2,3
444,47 4,7 8,12 2,06 0,7 255,61 0,2 32,83 0,01 1,27
451,23 4,71 8,12 2,09 0,72 255 0,2 32 0,01 2,16
457,03 4,73 8,12 2,15 0,73 255,69 0,2 32,47 0,02 2,1
462,87 4,73 8,12 2,16 0,73 255,91 0,2 32,83 0,01 1,83
468,67 4,76 8,12 2,12 0,76 256,28 0,2 32,9 0,03 3,25
475,43 4,71 8,12 2,06 0,71 255,21 0,2 32,5 0,01 1,8
481,2 4,72 8,12 2,06 0,72 255,74 0,2 32,2 0,02 2,32
487 4,71 8,12 2,06 0,71 256,24 0,2 32,03 0,02 2,52
492,83 4,69 8,12 2,06 0,7 255,35 0,2 32,7 0,03 1,72
498,63 4,68 8,12 2,02 0,68 255,8 0,2 32,4 0,01 2,35
505,4 4,6 8,12 1,96 0,61 255,89 0,2 32 0,01 1,42
511,2 4,65 8,12 1,96 0,65 255,32 0,2 32 0,02 1,94
517 4,68 8,12 1,96 0,69 255,82 0,2 32,63 0 2,4
522,83 4,75 8,12 1,96 0,75 256,61 0,2 33 0,03 1,84
529,6 4,65 8,12 1,9 0,66 255,43 0,2 32,67 0,01 2,16
535,4 4,59 8,12 1,86 0,6 256,76 0,2 32 0,01 2,18
541,2 4,61 8,12 1,86 0,61 255,85 0,2 32 0,01 1,71
547 4,63 8,12 1,86 0,64 256,29 0,2 32 0,01 1,86
552,8 4,62 8,12 1,86 0,63 256,49 0,2 32 0 1,76
559,6 4,6 8,12 1,8 0,61 254,28 0,2 32 0,02 2,36
565,37 4,56 8,12 1,76 0,57 257,34 0,2 32 0,01 1,35
571,17 4,59 8,12 1,76 0,6 256,23 0,2 32,9 0,01 2,5
577 4,55 8,12 1,76 0,56 255,78 0,2 32,17 0,02 2,24
583,77 4,62 8,12 1,76 0,62 255,7 0,2 32,5 0,01 1,53
589,57 4,6 8,12 1,7 0,61 255,05 0,2 32 0,01 2,5
595,37 4,57 8,12 1,66 0,58 254,93 0,2 32 0,01 1,32
601,17 4,55 8,12 1,66 0,56 256,57 0,2 32,53 0,01 2,79
607,97 4,56 8,12 1,66 0,56 256,46 0,2 32,87 0 1,71
613,77 4,55 8,12 1,66 0,55 256,82 0,2 32,1 0,01 2,62
619,57 4,57 8,12 1,6 0,58 256,16 0,2 33 0,02 2,94
625,37 4,52 8,12 1,56 0,52 256,16 0,2 32,7 0,01 2,35
631,17 4,49 8,12 1,56 0,5 257,28 0,2 32 0,01 2,17
637,97 4,48 8,12 1,56 0,48 256,45 0,2 32,73 0,01 1,83
643,77 4,51 8,12 1,56 0,52 254,91 0,2 32 0,01 2,01
649,53 4,51 8,12 1,5 0,51 255,42 0,2 32 0,01 2,9
655,33 4,45 8,12 1,46 0,45 253,82 0,2 32 0,01 1,97
662,1 4,46 8,12 1,46 0,47 254,52 0,2 32,7 0,02 2,31
667,93 4,46 8,12 1,46 0,47 256,18 0,2 32 0,01 2,06
673,73 4,48 8,12 1,46 0,48 255,28 0,2 32 0,03 2,35
679,53 4,47 8,12 1,4 0,48 254,92 0,2 32 0,01 1,7
685,33 4,45 8,12 1,36 0,45 254,38 0,2 32 0,01 1,94
692,1 4,44 8,12 1,36 0,45 255,1 0,2 32 0,01 1,86
697,93 4,43 8,12 1,36 0,44 256,02 0,2 32,27 0 3,04
703,73 4,43 8,12 1,36 0,44 256,33 0,2 32 0,01 2,65
709,53 4,42 8,12 1,31 0,43 255,4 0,2 32 0,01 2,09
716,3 4,4 8,12 1,26 0,4 254,39 0,2 32,2 0,01 2,38
722,1 4,39 8,12 1,26 0,39 255,42 0,2 32 0,02 2,45
727,93 4,39 8,12 1,26 0,39 255,48 0,2 33 0 1,8
733,7 4,41 8,12 1,26 0,41 254,28 0,2 32,3 0,02 1,73
739,5 4,39 8,12 1,21 0,4 255,71 0,2 33 0,01 2,3
746,27 4,33 8,12 1,16 0,33 255,7 0,2 32,67 0,02 2,8
752,07 4,34 8,12 1,16 0,35 253,55 0,2 32,7 0,03 1,86
757,9 4,28 8,12 1,16 0,29 256,68 0,2 32 0,04 1,3
763,7 4,29 8,12 1,16 0,29 254,73 0,2 32,33 0,01 1,37
770,47 4,3 8,12 1,09 0,3 253,47 0,2 32 0,05 2,24
776,27 4,29 8,12 1,06 0,3 254,89 0,2 33 0,01 2,02
782,07 4,33 8,12 1,06 0,33 253,24 0,2 32,67 0,01 2,1
787,9 4,33 8,12 1,06 0,33 254,67 0,2 32 0,01 1,89
793,7 4,31 8,12 1,06 0,32 255,97 0,2 32 0,02 2,2
800,47 4,3 8,12 0,99 0,31 255,29 0,2 32 0,01 2,29
806,23 4,21 8,12 0,96 0,22 254,88 0,2 32 0,03 1,64
812,03 4,28 8,12 0,96 0,28 254,81 0,2 32,07 0,02 1,21
817,87 4,29 8,12 0,96 0,29 254,73 0,2 32,37 0,01 1,67
824,63 4,29 8,12 0,96 0,29 255,45 0,2 32 0,02 1,83
830,43 4,26 8,12 0,89 0,27 253,81 0,2 32 0,01 2,24
836,23 4,23 8,12 0,86 0,24 254,15 0,2 32 0,01 1,37
842,03 4,23 8,12 0,86 0,24 255,18 0,2 32,67 0,01 1,76
848,83 4,17 8,12 0,86 0,18 254,8 0,2 32,97 0,03 1,32
854,63 4,21 8,12 0,86 0,21 254,63 0,2 32,63 0,02 1,47
860,43 4,13 8,12 0,79 0,13 254,98 0,2 32 0,01 1,64
866,23 4,2 8,12 0,76 0,2 255,19 0,2 32 0,01 2,53
872,03 4,18 8,12 0,76 0,19 255,02 0,2 32 0,01 1,42
878,83 4,2 8,12 0,76 0,21 254,78 0,2 32 0,01 2,51
884,63 4,14 8,12 0,76 0,14 255,68 0,2 32 0,03 1,2
890,4 4,09 8,12 0,11 0,09 324,47 0,2 32 0,01 15,82
6,9 3,96 8,4 0,12 -0,02 273,76 0,05 31 0,01 3,65
11,43 3,97 8,4 0,12 -0,01 274,34 0,05 31 0,01 2,73
15,07 3,97 8,4 0,12 -0 275,09 0,05 31 0,01 4,34
18,8 3,94 8,4 0,12 -0,04 274,12 0,05 31 0,01 4,61
23,33 3,94 8,4 0,76 -0,04 288,27 0,05 31 0,01 3,44
27 3,97 8,4 0,75 -0,01 279,41 0,05 31 0,01 4,12
31,6 4,06 8,4 0,75 0,08 231,66 0,05 31 0,01 4,68
35,23 4,11 8,4 0,75 0,14 215,26 0,05 31 0,01 3,32
38,93 4,15 8,4 0,76 0,17 214,66 0,05 31 0,01 3,06
43,47 4,2 8,4 0,83 0,22 217,68 0,05 31 0,01 2,69
47,1 4,22 8,4 0,85 0,24 216,59 0,05 31 0 4,04
51,73 4,23 8,4 0,86 0,25 219,14 0,05 31 0 2,31
55,37 4,25 8,4 0,86 0,27 218,52 0,05 31 0,01 3,67
59 4,23 8,4 0,86 0,26 216,99 0,05 31 0,01 2,68
63,6 4,25 8,4 0,93 0,28 217,63 0,05 31 0 3,57
67,23 4,26 8,4 0,95 0,29 218,73 0,05 31 0 3,15
71,87 4,27 8,4 0,96 0,29 216,39 0,05 31 0 3,25
75,5 4,28 8,4 0,96 0,3 217,5 0,05 31 0 2,91
79,13 4,27 8,4 0,96 0,29 217,22 0,05 31 0 3,36
83,77 4,32 8,4 1,04 0,34 217,62 0,05 31 0,01 4,76
87,4 4,32 8,4 1,05 0,34 217,95 0,05 31 0,01 3,1
92 4,32 8,4 1,06 0,34 216,4 0,05 31 0 3,77
95,63 4,33 8,4 1,06 0,35 218,63 0,05 31 0 2,25
99,27 4,33 8,4 1,06 0,35 217,71 0,05 31 0 4,22
103,9 4,35 8,4 1,14 0,37 217,94 0,05 31 0 5,12
107,53 4,36 8,4 1,15 0,38 215,29 0,05 31 0,01 3,91
112,07 4,39 8,4 1,16 0,41 215,05 0,05 31 0,01 2,28
115,8 4,38 8,4 1,16 0,4 216,37 0,05 31 0,01 3,69
119,43 4,37 8,4 1,16 0,39 217,39 0,05 31 0 3,56
124 4,4 8,4 1,24 0,42 218,69 0,05 31 0 3,61
127,67 4,41 8,4 1,26 0,43 216,67 0,05 31 0 4,77
132,2 4,4 8,4 1,26 0,42 217,07 0,05 31 0 3,19
135,93 4,37 8,4 1,26 0,39 215,03 0,05 31 0,01 2,18
139,57 4,39 8,4 1,26 0,41 217,41 0,05 31 0,01 3,17
144,1 4,4 8,4 1,34 0,42 215,73 0,05 31 0 2,93
147,83 4,35 8,4 1,36 0,38 215,02 0,05 31 0,01 2,62
152,37 4,27 8,4 1,37 0,29 214,45 0,05 31 0,01 1,92
156 4,18 8,4 1,34 0,21 217,35 0,05 31 0,01 2,92
159,7 4,38 8,4 1,35 0,4 216 0,05 31 0,01 4,45
164,23 4,45 8,4 1,44 0,47 216,16 0,05 31 0 2,97
167,97 4,48 8,4 1,46 0,5 215,41 0,05 31 0 2,98
172,5 4,49 8,4 1,46 0,51 217,37 0,05 31 0 3,33
176,13 4,5 8,4 1,46 0,52 217,39 0,05 31 0,01 3,08
179,83 4,49 8,4 1,46 0,51 216,59 0,05 31 0 2,96
184,4 4,51 8,4 1,54 0,53 216,85 0,05 31 0,01 3,91
188 4,53 8,4 1,56 0,55 215,01 0,05 31 0,01 4,23
192,63 4,53 8,4 1,56 0,55 216,94 0,05 31 0,01 2,85
196,27 4,52 8,4 1,56 0,55 213,32 0,05 31 0 2,56
200 4,52 8,4 1,56 0,55 214,97 0,05 31 0 3,54
204,53 4,56 8,4 1,64 0,58 214,45 0,05 31 0 3,6
208,17 4,56 8,4 1,66 0,58 216,32 0,05 31 0 4,21
212,77 4,57 8,4 1,66 0,59 216 0,05 31 0,01 3,39
216,4 4,58 8,4 1,66 0,6 216,66 0,05 31 0,01 4,27
220,03 4,59 8,4 1,66 0,62 216,01 0,05 31 0,01 3,37
224,67 4,6 8,4 1,74 0,62 216,35 0,05 31 0 4,4
228,3 4,61 8,4 1,76 0,64 215,95 0,05 31 0,01 2,88
232,93 4,61 8,4 1,76 0,63 215,64 0,05 31 0,01 2,69
236,57 4,61 8,4 1,76 0,63 214,85 0,05 31 0,01 5
240,2 4,62 8,4 1,76 0,64 215,61 0,05 31 0,01 3,2
244,8 4,65 8,4 1,85 0,67 215,59 0,05 31 0,01 2,73
248,43 4,68 8,4 1,86 0,7 213,19 0,05 31 0,01 4,1
253 4,65 8,4 1,86 0,67 212,03 0,05 31 0,01 3,55
256,7 4,65 8,4 1,86 0,67 214,57 0,05 31 0,01 3,59
260,33 4,66 8,4 1,86 0,69 216,19 0,05 31 0,01 3,5
264,97 4,7 8,4 1,95 0,72 214,03 0,05 31 0 1,96
268,6 4,7 8,4 1,96 0,72 214,38 0,05 31 0 2,71
273,13 4,7 8,4 1,96 0,72 214,33 0,05 31 0,01 3,95
276,83 4,7 8,4 1,96 0,72 215,8 0,05 31 0 4,39
280,47 4,7 8,4 1,97 0,72 213,81 0,05 31 0,01 2,89
285 4,75 8,4 2,05 0,77 211,4 0,05 31 0,01 3,29
288,73 4,74 8,4 2,06 0,76 213,82 0,05 31 0 5,41
293,27 4,73 8,4 2,06 0,75 217,24 0,05 31 0 3,58
296,97 4,73 8,4 2,06 0,75 211,21 0,05 31 0 3,55
300,6 4,72 8,4 2,07 0,75 213,24 0,05 31 0 3,31
305,17 4,78 8,4 2,15 0,8 213,86 0,05 31 0 3,11
308,87 4,8 8,4 2,16 0,82 216,43 0,05 31 0 3,92
313,4 4,78 8,4 2,16 0,8 214,7 0,05 31 0 2,63
317,03 4,78 8,4 2,16 0,8 214,93 0,05 31 0,01 4,13
320,77 4,8 8,4 2,17 0,82 215,04 0,05 31 0,01 4,13
325,3 4,84 8,4 2,25 0,86 213,73 0,05 31 0,01 3
329 4,82 8,4 2,26 0,85 216,2 0,05 31 0 3,24
333,53 4,85 8,4 2,26 0,87 214,1 0,05 31 0 4,14
337,17 4,85 8,4 2,26 0,87 213,13 0,05 31 0,01 4,7
340,9 4,86 8,4 2,28 0,88 216,37 0,05 31 0,01 4,4
345,43 4,89 8,4 2,35 0,91 214,8 0,05 31 0 3,43
349,07 4,86 8,4 2,36 0,89 213,77 0,05 31 0,01 3,27
353,7 4,9 8,4 2,36 0,92 214,59 0,05 31 0,01 3,23
357,33 4,87 8,4 2,36 0,89 212,26 0,05 31 0,01 4,2
361 4,88 8,4 2,38 0,91 213,05 0,05 31 0,01 4,4
365,57 4,91 8,4 2,45 0,94 211,7 0,05 31 0,01 3,95
369,2 4,95 8,4 2,46 0,97 213,28 0,05 31 0,01 2,41
373,83 4,91 8,4 2,46 0,93 214,66 0,05 31 0,01 3,85
377,47 4,92 8,4 2,46 0,94 212,14 0,05 31 0,01 3,75
381,1 4,94 8,4 2,49 0,96 212,53 0,05 31 0,01 4,88
385,73 4,95 8,4 2,55 0,97 213,44 0,05 31 0 2,87
389,33 4,95 8,4 2,56 0,97 211,1 0,05 31 0 3,74
393,97 4,95 8,4 2,56 0,97 213,41 0,05 31 0 3,13
397,6 4,95 8,4 2,56 0,97 214,37 0,05 31 0,01 3,23
401,23 4,96 8,4 2,59 0,99 213,7 0,05 31 0 5,09
405,87 5 8,4 2,65 1,02 212,26 0,05 31 0 3,6
409,5 4,98 8,4 2,58 1 214,13 0,05 31 0 2,67
414,03 4,96 8,4 2,56 0,98 212,26 0,05 31 0 2,92
417,77 4,95 8,4 2,56 0,97 211,35 0,05 31 0,01 3,84
421,37 4,98 8,4 2,56 1 211,97 0,05 31 0,01 3,67
426 4,98 8,4 2,56 1 211,74 0,05 31 0,01 2,58
429,63 4,95 8,4 2,49 0,97 213,88 0,05 31 0 2,98
434,17 4,93 8,4 2,46 0,95 212,12 0,05 31 0 3,32
437,9 4,93 8,4 2,46 0,96 212,33 0,05 31 0,01 3,38
441,53 4,92 8,4 2,46 0,95 212,29 0,05 31 0,01 3,48
446,07 4,93 8,4 2,46 0,95 211,28 0,05 31 0 2,91
449,77 4,91 8,4 2,38 0,93 212,22 0,05 31 0,01 3,43
454,3 4,89 8,4 2,36 0,91 212,16 0,05 31 0,01 2,79
458 4,89 8,4 2,36 0,91 213,22 0,05 31 0,01 4,18
461,67 4,89 8,4 2,36 0,91 212,9 0,05 31 0,01 3,02
466,2 4,88 8,4 2,36 0,9 212,78 0,05 31 0 3,46
469,93 4,85 8,4 2,28 0,88 211,17 0,05 31 0 2,92
474,47 4,83 8,4 2,26 0,85 211,38 0,05 31 0 2,99
478,07 4,82 8,4 2,26 0,84 211,41 0,05 31 0 4,29
481,8 4,83 8,4 2,26 0,85 212,82 0,05 31 0 2,98
486,33 4,83 8,4 2,26 0,85 211 0,05 31 0 2,87
490 4,81 8,4 2,18 0,83 211,82 0,05 31 0 2,75
494,6 4,79 8,4 2,16 0,81 211,03 0,05 31 0 4,52
498,23 4,79 8,4 2,16 0,82 214,68 0,05 31 0 2,33
501,93 4,79 8,4 2,16 0,82 211,02 0,05 31 0 4,34
506,47 4,8 8,4 2,16 0,82 209,55 0,05 31 0 2,48
510,1 4,78 8,4 2,08 0,8 211,58 0,05 31 0 5,28
514,73 4,77 8,4 2,06 0,79 212,07 0,05 31 0 4,02
518,37 4,78 8,4 2,06 0,8 212,69 0,05 31 0 4,03
522 4,78 8,4 2,06 0,8 212,02 0,05 31 0 3,66
526,63 4,77 8,4 2,05 0,79 212,23 0,05 31 0 2,87
530,27 4,74 8,4 1,98 0,76 209,06 0,05 31 0,01 3,54
534,87 4,73 8,4 1,96 0,75 210,47 0,05 31 0 3,71
538,5 4,73 8,4 1,96 0,75 213,75 0,05 31 0 1,86
542,13 4,73 8,4 1,96 0,75 209,72 0,05 31 0 2,63
546,77 4,73 8,4 1,95 0,76 209,79 0,05 31 0 3,1
550,4 4,7 8,4 1,88 0,72 211,36 0,05 31 0 3,11
555 4,69 8,4 1,86 0,71 209,62 0,05 31 0 2,16
558,67 4,69 8,4 1,86 0,71 211 0,05 31 0 2,34
562,27 4,7 8,4 1,86 0,72 212,33 0,05 31 0,01 3,51
566,9 4,71 8,4 1,85 0,73 210,57 0,05 31 0,01 3,42
570,53 4,66 8,4 1,78 0,68 210,32 0,05 31 0,01 3,47
575,07 4,66 8,4 1,76 0,68 210,25 0,05 31 0 3,57
578,8 4,65 8,4 1,76 0,67 211,14 0,05 31 0 2,93
582,43 4,66 8,4 1,76 0,69 208,48 0,05 31 0 2,26
587 4,67 8,4 1,74 0,69 209,83 0,05 31 0,01 3,74
590,67 4,63 8,4 1,68 0,65 211,04 0,05 31 0,01 3,33
595,23 4,6 8,4 1,66 0,62 211,68 0,05 31 0,01 3,37
598,93 4,61 8,4 1,66 0,64 209,21 0,05 31 0 3,7
602,57 4,62 8,4 1,66 0,64 209,61 0,05 31 0 2,8
607,1 4,61 8,4 1,64 0,63 209,5 0,05 31 0 3,46
610,83 4,6 8,4 1,58 0,62 209,58 0,05 31 0,01 3,17
615,37 4,59 8,4 1,56 0,61 210,94 0,05 31 0 2,68
619 4,56 8,4 1,56 0,58 211,46 0,05 31 0 2,59
622,7 4,57 8,4 1,56 0,6 210 0,05 31 0 1,79
627,23 4,58 8,4 1,54 0,6 210,74 0,05 31 0,01 3,11
630,97 4,55 8,4 1,47 0,57 211,21 0,05 31 0,01 2,51
635,5 4,54 8,4 1,46 0,57 208,03 0,05 31 0 2,14
639,13 4,53 8,4 1,46 0,56 210,54 0,05 31 0 3,51
642,83 4,52 8,4 1,46 0,54 209,87 0,05 31 0 3,59
647,4 4,54 8,4 1,43 0,56 209,78 0,05 31 0,01 4,34
651 4,51 8,4 1,37 0,53 210,13 0,05 31 0,01 3,29
655,63 4,48 8,4 1,36 0,51 208,69 0,05 31 0 3,64
659,27 4,49 8,4 1,36 0,51 207,04 0,05 31 0,01 3,26
663 4,5 8,4 1,36 0,52 210,62 0,05 31 0 2,09
667,53 4,5 8,4 1,33 0,52 209,55 0,05 31 0 3,71
671,17 4,46 8,4 1,27 0,48 209 0,05 31 0,01 3,27
675,77 4,45 8,4 1,26 0,47 208,69 0,05 31 0 2,45
679,4 4,46 8,4 1,26 0,48 207,65 0,05 31 0 3,5
683,03 4,45 8,4 1,26 0,47 208,68 0,05 31 0 3,76
687,67 4,45 8,4 1,22 0,47 209,7 0,05 31 0 4,99
691,3 4,42 8,4 1,17 0,45 207,74 0,05 31 0 2,98
695,93 4,41 8,4 1,16 0,43 207,1 0,05 31 0 2,77
699,57 4,41 8,4 1,16 0,43 208,75 0,05 31 0,01 3,87
703,2 4,41 8,4 1,16 0,43 208,44 0,05 31 0,01 4,69
707,8 4,41 8,4 1,12 0,43 210,96 0,05 31 0,01 2,74
711,43 4,39 8,4 1,07 0,41 208,67 0,05 31 0 3,64
716 4,36 8,4 1,06 0,39 206,87 0,05 31 0 3,55
719,7 4,38 8,4 1,06 0,4 207,48 0,05 31 0 3,09
723,33 4,37 8,4 1,06 0,39 206,45 0,05 31 0 3,69
727,97 4,38 8,4 1,02 0,4 209,31 0,05 31 0,01 2,42
731,57 4,32 8,4 0,97 0,34 207,84 0,05 31 0,01 2,26
736,13 4,33 8,4 0,96 0,36 208,31 0,05 31 0 3,59
739,83 4,33 8,4 0,96 0,35 208,18 0,05 31 0,01 2,62
743,47 4,33 8,4 0,96 0,35 207,18 0,05 31 0,01 2,72
748 4,32 8,4 0,92 0,34 208,05 0,05 31 0 3,02
751,73 4,3 8,4 0,87 0,32 207,21 0,05 31 0 1,96
756,27 4,28 8,4 0,86 0,3 207,51 0,05 31 0,01 2,95
760 4,28 8,4 0,86 0,3 208,02 0,05 31 0,01 4,19
763,6 4,28 8,4 0,86 0,3 207,04 0,05 31 0 3,15
768,13 4,26 8,4 0,81 0,28 203,66 0,05 31 0 2,92
771,87 4,23 8,4 0,77 0,25 207,73 0,05 31 0,01 2,34
776,4 4,2 8,4 0,76 0,22 208,98 0,05 31 0,01 3,04
780,03 4,21 8,4 0,76 0,23 207,36 0,05 31 0,01 4,19
783,77 4,22 8,4 0,76 0,24 206,58 0,05 31 0,01 1,81
788,3 4,18 8,4 0,15 0,2 209,09 0,05 31 0,01 4
792 4,04 8,4 0,15 0,06 212,35 0,05 31 0 4,71
5,4 4 8,35 0,11 0,01 300,07 0,08 31 0 2,16
10,93 4 8,35 0,11 0,01 301,75 0,08 31 0 3,38
17,3 4 8,35 0,11 0,01 299,74 0,08 31 0 3,04
22,83 4 8,35 0,11 0,01 300,34 0,08 31 0,01 1,45
29,17 4 8,35 0,11 0,01 300,31 0,08 31 0,01 2,82
35,6 4,01 8,35 0,74 0,02 311,35 0,08 31 0,01 2,26
41,07 4,05 8,35 0,75 0,06 289,93 0,08 31 0,01 3,27
47,5 4,1 8,35 0,75 0,11 231,16 0,08 31 0 2,51
53 4,15 8,35 0,76 0,16 231,84 0,08 31 0,01 3,56
59,4 4,16 8,35 0,76 0,17 231,19 0,08 31 0,01 2,7
64,93 4,2 8,35 0,84 0,21 230,19 0,08 31 0,01 3,16
71,27 4,2 8,35 0,86 0,21 231,32 0,08 31 0,01 2,27
76,8 4,21 8,35 0,86 0,22 230,45 0,08 31 0 3,68
83,17 4,21 8,35 0,86 0,22 232,28 0,08 31 0,01 3,01
89,6 4,22 8,35 0,86 0,23 230,96 0,08 31 0 3,09
95,03 4,26 8,35 0,95 0,27 233,85 0,08 31 0,01 2,04
101,5 4,27 8,35 0,96 0,28 232,64 0,08 31 0,01 2,32
107 4,26 8,35 0,96 0,27 230,92 0,08 31 0 3,06
113,37 4,26 8,35 0,96 0,27 232,5 0,08 31 0 2,59
118,9 4,28 8,35 0,96 0,29 230,01 0,08 31 0 2,48
125,27 4,3 8,35 1,05 0,31 232,35 0,08 31 0 2,28
131,7 4,32 8,35 1,06 0,33 232,81 0,08 31 0,01 2,75
137,13 4,31 8,35 1,06 0,32 233,34 0,08 31 0,01 1,96
143,6 4,32 8,35 1,06 0,33 233,35 0,08 31 0,01 2,16
149,03 4,32 8,35 1,06 0,32 231,91 0,08 31 0 2,06
155,47 4,36 8,35 1,15 0,37 232,99 0,08 31 0,01 2,89
161 4,36 8,35 1,16 0,37 233,01 0,08 31 0,01 1,82
167,37 4,36 8,35 1,16 0,37 232,76 0,08 31 0 2,78
173,8 4,37 8,35 1,16 0,38 233,28 0,08 31 0 2,18
179,23 4,37 8,35 1,16 0,38 231,8 0,08 31 0,01 2,47
185,7 4,42 8,35 1,25 0,43 232,39 0,08 31 0,01 2,47
191,13 4,42 8,35 1,26 0,43 232,39 0,08 31 0,01 1,54
197,57 4,42 8,35 1,26 0,43 232,36 0,08 31 0 2,59
203,03 4,42 8,35 1,26 0,42 232,33 0,08 31 0 2,38
209,47 4,43 8,35 1,26 0,44 232,45 0,08 31 0,01 2,68
215,9 4,46 8,35 1,35 0,47 232,14 0,08 31 0 3,1
221,37 4,47 8,35 1,36 0,48 231,86 0,08 31 0 1,8
227,8 4,45 8,35 1,36 0,46 232,86 0,08 31 0,01 2,87
233,23 4,45 8,35 1,36 0,46 231,74 0,08 31 0 1,94
239,67 4,47 8,35 1,36 0,48 231,5 0,08 31 0 2,21
245,13 4,5 8,35 1,45 0,51 232,09 0,08 31 0,01 2,09
251,57 4,52 8,35 1,46 0,53 231,43 0,08 31 0 1,71
257 4,51 8,35 1,46 0,52 230,78 0,08 31 0,01 2,29
263,47 4,51 8,35 1,46 0,52 229,73 0,08 31 0 1,71
269,9 4,53 8,35 1,46 0,53 229,91 0,08 31 0,01 2,57
275,33 4,54 8,35 1,55 0,55 230,85 0,08 31 0 2,42
281,77 4,54 8,35 1,56 0,55 230,48 0,08 31 0,01 3,09
287,23 4,55 8,35 1,56 0,56 231,42 0,08 31 0 2,64
293,67 4,56 8,35 1,56 0,57 229,72 0,08 31 0,01 3,28
299,1 4,58 8,35 1,56 0,59 230,75 0,08 31 0,01 2,26
305,57 4,59 8,35 1,65 0,6 229,93 0,08 31 0 2,47
312 4,58 8,35 1,66 0,59 230,37 0,08 31 0 2,02
317,43 4,58 8,35 1,56 0,58 230,72 0,08 31 0 1,96
323,9 4,52 8,35 1,47 0,53 231,13 0,08 31 0,01 3,22
329,33 4,52 8,35 1,46 0,53 229,7 0,08 31 0 3,08
335,77 4,48 8,35 1,46 0,49 230,52 0,08 31 0,01 2,78
341,2 4,4 8,35 1,48 0,41 229,93 0,08 31 0,01 2
347,67 4,33 8,35 1,4 0,34 229,79 0,08 31 0 2,81
354 4,45 8,35 1,36 0,46 228,62 0,08 31 0 1,94
359,53 4,47 8,35 1,36 0,48 229,81 0,08 31 0 2,6
366 4,49 8,35 1,36 0,49 230,11 0,08 31 0,01 3,38
371,43 4,51 8,35 1,36 0,52 228,96 0,08 31 0,01 2,64
377,87 4,47 8,35 1,3 0,48 230,62 0,08 31 0,01 3,03
383,33 4,45 8,35 1,26 0,46 230,73 0,08 31 0,01 2,8
389,77 4,44 8,35 1,26 0,45 230,94 0,08 31 0 1,45
396,1 4,45 8,35 1,26 0,46 228,31 0,08 31 0,01 1,94
401,63 4,45 8,35 1,26 0,46 230,93 0,08 31 0,02 2,84
408 4,43 8,35 1,2 0,44 229,12 0,08 31 0,02 1,36
413,53 4,41 8,35 1,16 0,42 230,39 0,08 31 0,01 1,67
419,97 4,4 8,35 1,16 0,41 231,37 0,08 31 0 1,97
425,43 4,38 8,35 1,16 0,39 229,93 0,08 31 0 2,35
431,87 4,38 8,35 1,16 0,39 228,1 0,08 31 0,01 2,94
437,3 4,39 8,35 1,11 0,4 229,24 0,08 31 0,01 2,3
443,73 4,36 8,35 1,06 0,37 230,06 0,08 31 0 1,89
450,1 4,37 8,35 1,06 0,38 229,38 0,08 31 0,01 2,15
455,63 4,36 8,35 1,06 0,37 227,88 0,08 31 0,01 1,44
462 4,37 8,35 1,06 0,37 229,21 0,08 31 0,01 2,35
467,53 4,38 8,35 1,01 0,39 229,39 0,08 31 0,01 2,03
473,97 4,33 8,35 0,96 0,34 229,93 0,08 31 0 2,2
479,4 4,31 8,35 0,96 0,32 228,34 0,08 31 0,01 2,02
485,83 4,33 8,35 0,96 0,34 227,19 0,08 31 0,01 2,03
492,2 4,31 8,35 0,96 0,32 227,37 0,08 31 0 3,35
497,73 4,3 8,35 0,91 0,31 228,37 0,08 31 0,01 2,33
504,1 4,27 8,35 0,86 0,28 228,63 0,08 31 0,01 2,46
509,63 4,27 8,35 0,86 0,28 228,91 0,08 31 0 2,47
516 4,27 8,35 0,86 0,28 230,1 0,08 31 0,01 2,31
521,5 4,29 8,35 0,86 0,3 228,69 0,08 31 0,01 1,26
527,97 4,27 8,35 0,8 0,28 228,31 0,08 31 0,01 3,09
534,3 4,24 8,35 0,76 0,25 228,19 0,08 31 0,01 2,67
539,83 4,22 8,35 0,76 0,23 227,05 0,08 31 0,01 2,09
546,2 4,23 8,35 0,76 0,24 227,93 0,08 31 0,01 1,12
551,73 4,25 8,35 0,76 0,26 226,22 0,08 31 0 3,39
558,07 4,15 8,35 0,09 0,16 228,37 0,08 31 0,02 2,86
