dt(s) Druck(10^-3mbar) Ar_Flow(sccm) O2_Flow(sccm) O2 PartialPressure(10^-3mbar) MDX500V MDX500I Mean_Loop_Duration(ms) VarO2PartialPressure VarMDX500V Timesteps(sec):30,000000 startpoint(sccm):0,760000 steps(sccm):0,100000
0 0
5 3,98 8,27 0,1 -0,01 306,64 0,1 31 0 2,4
11,43 3,98 8,27 0,1 -0,01 305,78 0,1 31 0 1,49
16,97 3,99 8,27 0,1 -0,01 306,08 0,1 31 0 2,85
23,33 3,98 8,27 0,1 -0,01 304,99 0,1 31 0,01 2,23
28,87 3,98 8,27 0,1 -0,02 305,56 0,1 31 0,01 2,45
35,2 4 8,27 0,74 0 319,56 0,1 31 0,01 3,46
41,67 4,01 8,27 0,75 0,02 302,07 0,1 31 0 2,71
47,1 4,08 8,27 0,75 0,08 254,3 0,1 31 0,01 2,63
53,53 4,1 8,27 0,76 0,11 237,84 0,1 31 0 1,49
59 4,11 8,27 0,76 0,12 236,63 0,1 31 0,01 2
65,43 4,15 8,27 0,85 0,15 236,71 0,1 31 0,01 1,9
70,97 4,18 8,27 0,86 0,19 238,04 0,1 31 0 1,62
77,33 4,17 8,27 0,86 0,18 236,82 0,1 31 0,01 1,38
83,77 4,19 8,27 0,86 0,2 239,08 0,1 31 0 2,52
89,2 4,19 8,27 0,86 0,2 237,67 0,1 31 0,01 2,59
95,67 4,23 8,27 0,95 0,24 237,16 0,1 31 0,01 2,48
101,1 4,24 8,27 0,96 0,25 236,92 0,1 31 0,01 1,22
107,53 4,26 8,27 0,96 0,27 237,69 0,1 31 0 1,65
113 4,23 8,27 0,96 0,24 238,07 0,1 31 0 2,22
119,43 4,26 8,27 0,96 0,26 238,73 0,1 31 0,01 2,36
125,87 4,28 8,27 1,05 0,29 237,37 0,1 31 0 2,7
131,3 4,29 8,27 1,06 0,3 237,88 0,1 31 0,01 2,05
137,77 4,3 8,27 1,06 0,3 238,39 0,1 31 0 2,22
143,2 4,3 8,27 1,06 0,3 237,27 0,1 31 0,01 2,23
149,63 4,31 8,27 1,06 0,31 237,24 0,1 31 0 2,37
155,07 4,33 8,27 1,15 0,34 238,57 0,1 31 0,01 1,35
161,53 4,36 8,27 1,16 0,36 236,98 0,1 31 0,01 1,61
167,97 4,35 8,27 1,16 0,36 238,64 0,1 31 0,01 2
173,4 4,35 8,27 1,16 0,36 237,59 0,1 31 0,01 2,07
179,87 4,35 8,27 1,16 0,36 237,75 0,1 31 0,01 1,6
185,3 4,38 8,27 1,25 0,39 237,36 0,1 31 0,01 3,44
191,73 4,42 8,27 1,26 0,42 237,95 0,1 31 0,01 2,22
197,2 4,39 8,27 1,26 0,4 236,95 0,1 31 0,01 2,25
203,63 4,39 8,27 1,26 0,4 238,31 0,1 31 0,01 2,38
209,07 4,39 8,27 1,26 0,4 236,87 0,1 31 0 2,29
215,5 4,44 8,27 1,35 0,44 237,66 0,1 31 0,01 2,95
221,97 4,43 8,27 1,36 0,44 236,92 0,1 31 0 2,34
227,4 4,43 8,27 1,36 0,44 238,04 0,1 31 0,01 2,61
233,83 4,43 8,27 1,36 0,43 236,68 0,1 31 0,01 1,6
239,3 4,45 8,27 1,36 0,46 236,05 0,1 31 0,01 1,87
245,73 4,49 8,27 1,45 0,5 237,47 0,1 31 0,01 2,36
251,17 4,47 8,27 1,46 0,48 236,9 0,1 31 0,01 1,16
257,63 4,42 8,27 1,46 0,43 235,87 0,1 31 0,01 2,2
264 4,16 8,27 1,44 0,17 236,9 0,1 31 0,01 1,72
269,5 4,42 8,27 1,46 0,43 236,63 0,1 31 0,01 1,55
275,97 4,49 8,27 1,55 0,49 235,89 0,1 31 0 2,41
281,4 4,5 8,27 1,56 0,51 236,66 0,1 31 0 1,76
287,83 4,52 8,27 1,56 0,53 236,69 0,1 31 0,01 1,77
293,3 4,52 8,27 1,56 0,52 236,54 0,1 31 0,02 2,42
299,73 4,51 8,27 1,56 0,51 236,93 0,1 31 0,01 2,45
306,07 4,55 8,27 1,65 0,56 235,42 0,1 31 0 1,93
311,6 4,55 8,27 1,66 0,56 236,59 0,1 31 0,01 2,43
318 4,56 8,27 1,66 0,57 236,95 0,1 31 0,01 2,27
323,5 4,56 8,27 1,66 0,57 236,89 0,1 31 0 1,63
329,93 4,57 8,27 1,66 0,57 235,83 0,1 31 0,01 2,14
335,4 4,61 8,27 1,72 0,61 235,91 0,1 31 0,01 1,92
341,83 4,51 8,27 1,57 0,51 236,43 0,1 31 0,01 1,98
348,17 4,5 8,27 1,56 0,51 236,01 0,1 31 0,01 1,87
353,73 4,51 8,27 1,56 0,51 237,51 0,1 31 0 3,34
360,07 4,52 8,27 1,56 0,52 235,81 0,1 31 0,01 1,56
365,6 4,52 8,27 1,54 0,53 236,77 0,1 31 0 2,55
372 4,5 8,27 1,46 0,51 236,43 0,1 31 0,01 1,76
377,5 4,49 8,27 1,46 0,5 236,49 0,1 31 0 2,36
383,93 4,49 8,27 1,46 0,49 236,53 0,1 31 0 1,26
389,37 4,49 8,27 1,46 0,5 235,88 0,1 31 0,01 1,81
395,83 4,49 8,27 1,43 0,49 234,87 0,1 31 0 2,21
402,17 4,45 8,27 1,36 0,45 235,87 0,1 31 0,01 2,56
407,7 4,45 8,27 1,36 0,46 235,34 0,1 31 0,01 2,1
414,07 4,45 8,27 1,36 0,45 235,72 0,1 31 0 1,48
419,6 4,46 8,27 1,36 0,47 234,81 0,1 31 0,01 2,17
426 4,45 8,27 1,33 0,46 236,5 0,1 31 0 1,39
431,47 4,42 8,27 1,27 0,42 235,15 0,1 31 0,01 1,96
437,93 4,4 8,27 1,26 0,4 235,87 0,1 31 0,01 1,88
444,27 4,41 8,27 1,26 0,42 235,47 0,1 31 0,01 1,6
449,8 4,42 8,27 1,26 0,42 233,95 0,1 31 0 1,24
456,17 4,42 8,27 1,22 0,43 235,39 0,1 31 0 1,44
461,7 4,38 8,27 1,17 0,38 234,81 0,1 31 0,01 1,66
468,03 4,36 8,27 1,16 0,36 235,46 0,1 31 0 2,16
473,6 4,35 8,27 1,16 0,36 235,78 0,1 31 0,01 1,43
480 4,36 8,27 1,16 0,36 235,4 0,1 31 0 2,26
486,37 4,36 8,27 1,12 0,37 234,94 0,1 31 0,01 1,47
491,93 4,33 8,27 1,06 0,34 234,76 0,1 31 0,01 1,58
498,27 4,33 8,27 1,06 0,34 235 0,1 31 0 1,35
503,8 4,33 8,27 1,06 0,34 235,13 0,1 31 0 1,86
510,17 4,33 8,27 1,06 0,34 234,12 0,1 31 0 2,32
515,7 4,33 8,27 1,04 0,34 234,8 0,1 31 0,01 1,19
522,03 4,3 8,27 0,96 0,31 234,24 0,1 31 0 2,7
528,5 4,29 8,27 0,96 0,3 235,69 0,1 31 0 1,73
534 4,29 8,27 0,96 0,3 234,58 0,1 31 0,01 2,3
540,37 4,28 8,27 0,96 0,29 234,58 0,1 31 0 2,43
545,9 4,28 8,27 0,93 0,29 234,53 0,1 31 0 1,82
552,27 4,24 8,27 0,86 0,25 233,8 0,1 31 0,01 1,48
557,8 4,25 8,27 0,86 0,25 234,48 0,1 31 0,01 1,99
564,13 4,25 8,27 0,86 0,25 236,1 0,1 31 0,01 2,14
569,67 4,25 8,27 0,86 0,26 234,15 0,1 31 0 2,37
576,03 4,25 8,27 0,83 0,25 233,34 0,1 31 0,01 1,88
582,47 4,2 8,27 0,76 0,21 234,45 0,1 31 0 1,34
588 4,2 8,27 0,76 0,2 234,71 0,1 31 0,01 2,09
594,37 4,21 8,27 0,76 0,22 233,58 0,1 31 0,01 2,18
599,9 4,21 8,27 0,76 0,22 233,58 0,1 31 0 1,96
606,23 4,18 8,27 0,08 0,19 234,18 0,1 31 0,02 1,74
