dt(s) Druck(10^-3mbar) Ar_Flow(sccm) O2_Flow(sccm) O2PartialPressure(10^-3mbar) MDX500V MDX500I Mean_Loop_Duration(ms) Std.O2PartialPressure StdMDX500V Timesteps(sec):60,000000 startpoint(sccm):0,760000 steps(sccm):0,100000
10,8 4 8,43 0,75 -0,03 410,86 0,25 31 NaN NaN
23,6 4 8,43 0,76 -0,03 411,18 0,25 31 NaN NaN
35,5 4,01 8,43 0,8 -0,03 412,56 0,25 31 NaN NaN
47,4 4 8,43 0,86 -0,04 412,49 0,25 31 NaN NaN
59,27 4 8,43 0,86 -0,03 410,27 0,25 31 NaN NaN
71,17 4 8,43 0,86 -0,03 412,06 0,25 31 NaN NaN
83,03 4 8,43 0,86 -0,03 411,9 0,25 31 NaN NaN
95 4 8,43 0,89 -0,03 411,58 0,25 31 NaN NaN
106,9 4 8,43 0,96 -0,04 413,67 0,25 31 NaN NaN
119,7 4 8,43 0,96 -0,03 413,53 0,25 31 NaN NaN
131,6 3,99 8,43 0,96 -0,04 411,94 0,25 31 NaN NaN
143,5 4 8,43 0,96 -0,04 410,4 0,25 31 NaN NaN
155,37 4,01 8,44 0,98 -0,03 410,41 0,25 31 NaN NaN
167,27 4,01 8,43 1,06 -0,03 412,3 0,25 31 NaN NaN
179,17 4 8,43 1,06 -0,03 412,6 0,25 31 NaN NaN
191,03 4,02 8,43 1,06 -0,01 413,58 0,25 31 0,01 NaN
203,93 4 8,43 1,06 -0,03 417,36 0,25 31 NaN NaN
215,8 4 8,43 1,11 -0,03 416,56 0,25 31 NaN NaN
227,7 4,01 8,43 1,16 -0,03 416,49 0,25 31 NaN NaN
239,6 3,99 8,43 1,16 -0,04 418,94 0,25 31 NaN NaN
251,47 4,01 8,43 1,16 -0,02 420,8 0,25 31 NaN NaN
263,37 4,01 8,43 1,16 -0,03 422,91 0,25 31 NaN NaN
275,23 4,01 8,44 1,2 -0,03 458,94 0,23 31 NaN NaN
287,13 4,04 8,43 1,26 0,01 489,26 0,21 31 0,03 NaN
300 4,07 8,43 1,26 0,04 492,56 0,21 31 0,04 NaN
311,9 4,16 8,43 1,26 0,13 507,31 0,2 31 0,06 NaN
323,8 4,24 8,43 1,26 0,21 506,13 0,2 31 0,07 NaN
335,7 4,29 8,43 1,31 0,26 505,49 0,2 31 0,08 NaN
347,57 4,34 8,43 1,36 0,31 505,33 0,2 31 0,08 NaN
359,47 4,36 8,44 1,36 0,33 507,66 0,2 31 0,09 NaN
371,33 4,36 8,43 1,36 0,33 504,07 0,21 31 0,09 NaN
384,17 4,39 8,43 1,36 0,36 507,7 0,2 31 0,09 NaN
396,03 4,38 8,43 1,42 0,35 505,48 0,2 31 0,09 NaN
408 4,44 8,43 1,46 0,41 506,37 0,2 31 0,09 NaN
419,9 4,44 8,43 1,46 0,4 506,53 0,21 31 0,09 NaN
431,8 4,46 8,43 1,46 0,43 504,43 0,21 31 0,09 NaN
443,7 4,44 8,43 1,46 0,4 504,98 0,2 31 0,09 NaN
455,57 4,37 8,43 1,51 0,33 508,17 0,2 31 0,09 NaN
467,47 4,48 8,43 1,56 0,45 504,63 0,2 31 0,09 NaN
480,27 4,49 8,43 1,56 0,46 503,79 0,21 31 0,09 NaN
492,13 4,51 8,43 1,56 0,48 505,28 0,21 31 0,09 NaN
504,03 4,51 8,43 1,56 0,48 504,17 0,21 31 0,09 NaN
516 4,53 8,43 1,62 0,5 503,72 0,21 31 0,09 NaN
527,9 4,56 8,43 1,66 0,53 502,5 0,21 31 0,09 NaN
539,8 4,54 8,43 1,66 0,51 502,99 0,21 31 0,09 NaN
551,7 4,57 8,43 1,66 0,53 503,69 0,2 31 0,09 NaN
564,47 4,57 8,43 1,66 0,54 502,61 0,21 31 0,09 NaN
576,37 4,56 8,43 1,72 0,53 502,85 0,21 31 0,09 NaN
588,27 4,61 8,43 1,76 0,58 504,46 0,2 31 0,09 NaN
600,13 4,61 8,43 1,76 0,57 501,49 0,2 31 0,09 NaN
612,03 4,61 8,43 1,76 0,58 502,58 0,2 31 0,09 NaN
624 4,6 8,43 1,76 0,57 501,75 0,2 31 0,09 NaN
635,9 4,64 8,43 1,81 0,6 503,29 0,21 31 0,09 NaN
647,8 4,64 8,43 1,86 0,61 501,93 0,2 31 0,09 NaN
660,57 4,64 8,44 1,86 0,61 504,06 0,2 31 0,09 NaN
672,47 4,67 8,43 1,86 0,63 503,47 0,2 31 0,09 NaN
684,37 4,66 8,43 1,86 0,63 501,56 0,2 31 0,09 NaN
696,23 4,68 8,43 1,92 0,65 502,82 0,21 31 0,09 NaN
708,13 4,72 8,43 1,96 0,69 502,13 0,21 31 0,08 NaN
720,03 4,73 8,43 1,96 0,7 501,99 0,21 31 0,08 NaN
732 4,71 8,43 1,96 0,68 503,6 0,2 31 0,09 NaN
744,8 4,71 8,43 1,96 0,68 502,07 0,21 31 0,09 NaN
756,7 4,75 8,43 2,03 0,72 501,68 0,21 31 0,08 NaN
768,57 4,76 8,43 2,06 0,73 500,38 0,21 31 0,08 NaN
780,47 4,76 8,43 2,06 0,73 501,52 0,21 31 0,08 NaN
792,37 4,75 8,43 2,06 0,72 500,19 0,21 31 0,08 NaN
804,23 4,74 8,43 2,06 0,71 501,71 0,21 31 0,08 NaN
816,13 4,77 8,43 2,12 0,73 500,79 0,2 31 0,08 NaN
828 4,75 8,43 2,06 0,72 500,21 0,21 31 0,08 NaN
840,9 4,72 8,43 2,06 0,69 498,71 0,21 31 0,08 NaN
852,8 4,73 8,43 2,06 0,7 500,55 0,21 31 0,08 NaN
864,67 4,75 8,43 2,06 0,72 501,35 0,21 31 0,08 NaN
876,57 4,75 8,43 2,06 0,72 498,9 0,21 31 0,08 NaN
888,47 4,7 8,43 1,96 0,67 502,2 0,2 31 0,09 NaN
900,33 4,73 8,43 1,96 0,69 501,68 0,21 31 0,08 NaN
912,23 4,71 8,43 1,96 0,68 500,99 0,21 31 0,08 NaN
925,03 4,72 8,43 1,96 0,69 502,68 0,2 31 0,09 NaN
937 4,72 8,43 1,96 0,69 502,03 0,21 31 0,08 NaN
948,9 4,68 8,43 1,86 0,65 501,66 0,2 31 0,09 NaN
960,8 4,71 8,43 1,86 0,67 503,24 0,21 31 0,09 NaN
972,67 4,68 8,43 1,86 0,65 502,16 0,2 31 0,09 NaN
984,57 4,68 8,43 1,86 0,65 503,58 0,2 31 0,09 NaN
996,47 4,68 8,43 1,86 0,65 501,63 0,21 31 0,09 NaN
1008,33 4,63 8,43 1,76 0,6 503,09 0,21 31 0,09 NaN
1021,13 4,64 8,43 1,76 0,61 504 0,21 31 0,09 NaN
1033,03 4,64 8,43 1,76 0,61 504,08 0,2 31 0,09 NaN
1045 4,63 8,43 1,76 0,6 504,14 0,2 31 0,09 NaN
1056,9 4,61 8,43 1,76 0,58 503,74 0,2 31 0,09 NaN
1068,77 4,6 8,43 1,66 0,56 504,24 0,2 31 0,09 NaN
1080,67 4,6 8,43 1,66 0,57 504,23 0,2 31 0,09 NaN
1092,57 4,61 8,43 1,66 0,58 502,31 0,2 31 0,09 NaN
1105,37 4,6 8,43 1,66 0,56 503,05 0,21 31 0,09 NaN
1117,23 4,61 8,43 1,66 0,58 502,46 0,21 31 0,09 NaN
1129,13 4,56 8,43 1,56 0,52 503,25 0,21 31 0,09 NaN
1141,03 4,56 8,43 1,56 0,53 505,77 0,21 31 0,09 NaN
1153 4,57 8,43 1,56 0,54 503,1 0,21 31 0,09 NaN
1164,9 4,57 8,43 1,56 0,54 504,46 0,21 31 0,09 NaN
1176,77 4,56 8,43 1,56 0,53 504,25 0,21 31 0,09 NaN
1188,67 4,52 8,43 1,46 0,49 504,43 0,21 31 0,09 NaN
1201,47 4,54 8,43 1,46 0,51 505,36 0,21 31 0,09 NaN
1213,37 4,53 8,43 1,46 0,5 503,6 0,21 31 0,09 NaN
1225,23 4,52 8,43 1,46 0,49 505,51 0,21 31 0,09 NaN
1237,13 4,53 8,43 1,46 0,49 505,53 0,21 31 0,09 NaN
1249 4,49 8,43 1,36 0,46 504,71 0,21 31 0,09 NaN
1261 4,49 8,43 1,36 0,46 504,8 0,21 31 0,09 NaN
1272,87 4,48 8,43 1,36 0,45 504,57 0,21 31 0,09 NaN
1285,67 4,49 8,43 1,36 0,46 505,4 0,2 31 0,09 NaN
1297,57 4,48 8,43 1,36 0,45 504,09 0,21 31 0,09 NaN
1309,47 4,45 8,43 1,26 0,42 504,89 0,21 31 0,09 NaN
1321,33 4,45 8,43 1,26 0,42 506,74 0,21 31 0,09 NaN
1333,23 4,43 8,43 1,26 0,4 506,45 0,21 31 0,09 NaN
1345,13 4,45 8,43 1,26 0,41 504,26 0,2 31 0,09 NaN
1357 4,44 8,43 1,26 0,41 505,28 0,2 31 0,09 NaN
1369 4,39 8,43 1,16 0,36 504,73 0,21 31 0,09 NaN
1381,77 4,39 8,43 1,16 0,36 505,61 0,21 31 0,09 NaN
1393,67 4,36 8,43 1,16 0,33 506,31 0,2 31 0,09 NaN
1405,57 4,38 8,43 1,16 0,35 506,23 0,2 31 0,09 NaN
1417,43 4,39 8,43 1,16 0,36 505,39 0,21 31 0,09 NaN
1429,33 4,36 8,43 1,06 0,33 506,01 0,21 31 0,09 NaN
1441,23 4,35 8,43 1,06 0,32 504,59 0,21 31 0,09 NaN
1453,1 4,35 8,43 1,06 0,32 506,17 0,21 31 0,09 NaN
1466 4,36 8,43 1,06 0,32 506,91 0,2 31 0,08 NaN
1477,9 4,36 8,43 1,06 0,33 506,22 0,2 31 0,09 NaN
1489,77 4,31 8,43 0,96 0,28 505,8 0,21 31 0,08 NaN
1501,67 4,32 8,43 0,96 0,29 506,42 0,21 31 0,08 NaN
1513,57 4,32 8,43 0,96 0,28 506 0,21 31 0,08 NaN
1525,43 4,32 8,43 0,96 0,29 506,94 0,21 31 0,08 NaN
1537,33 4,31 8,43 0,96 0,28 505,94 0,21 31 0,08 NaN
1549,23 4,27 8,43 0,86 0,24 506,43 0,21 31 0,08 NaN
1562 4,27 8,43 0,86 0,24 505,72 0,21 31 0,08 NaN
1574 4,28 8,43 0,86 0,24 505,57 0,2 31 0,08 NaN
1585,87 4,26 8,43 0,86 0,23 506,11 0,21 31 0,08 NaN
1597,77 4,27 8,43 0,86 0,24 505,7 0,2 31 0,08 NaN
1609,67 4,21 8,43 0,76 0,18 503,76 0,21 31 0,07 NaN
1621,53 4,22 8,43 0,76 0,19 507,17 0,2 31 0,07 NaN
1633,43 4,22 8,43 0,76 0,18 504,08 0,21 31 0,07 NaN
1646,23 4,23 8,43 0,76 0,2 507,57 0,21 31 0,07 NaN
1658,1 4,22 8,43 0,76 0,19 504,28 0,21 31 0,07 NaN
10,73 4 8,24 0,06 0,01 409,28 0,12 31 0,02 NaN
23,53 4,02 8,24 0,06 0,03 402,09 0,12 31 0,04 NaN
35,43 3,98 8,24 0,06 -0,01 401,99 0,12 31 NaN NaN
47,3 3,99 8,24 0,06 0 396,37 0,12 31 0,01 NaN
59,2 3,99 8,24 0,06 0 398,29 0,12 31 0,04 NaN
71,1 4 8,24 0,75 0,01 393,11 0,12 31 0,02 NaN
83 4,01 8,24 0,76 0,02 412 0,12 31 0,03 NaN
94,97 4,07 8,24 0,76 0,08 445,12 0,12 31 0,05 NaN
107,77 4,15 8,24 0,76 0,16 445,88 0,12 31 0,06 NaN
119,63 4,16 8,24 0,76 0,17 450,73 0,12 31 0,07 NaN
131,53 4,23 8,24 0,86 0,24 445,02 0,12 31 0,08 NaN
143,43 4,24 8,24 0,86 0,25 447,01 0,12 31 0,08 NaN
155,3 4,26 8,24 0,86 0,27 443,06 0,12 31 0,08 NaN
167,2 4,27 8,24 0,86 0,28 443,57 0,12 31 0,08 NaN
179,1 4,28 8,24 0,86 0,29 444,67 0,12 31 0,08 NaN
191 4,33 8,24 0,96 0,34 443,54 0,12 31 0,09 NaN
203,87 4,33 8,24 0,96 0,34 444,15 0,12 31 0,09 NaN
215,77 4,35 8,24 0,96 0,36 440,77 0,12 31 0,09 NaN
227,63 4,34 8,24 0,96 0,35 439,17 0,12 31 0,09 NaN
239,53 4,35 8,24 0,96 0,36 442,7 0,12 31 0,09 NaN
251,43 4,39 8,24 1,06 0,4 441,18 0,12 31 0,09 NaN
263,3 4,4 8,24 1,06 0,41 437,66 0,12 31 0,09 NaN
275,2 4,38 8,24 1,06 0,39 441,63 0,12 31 0,09 NaN
288 4,39 8,24 1,06 0,39 440,15 0,12 31 0,09 NaN
299,97 4,39 8,24 1,06 0,4 442,68 0,12 31 0,09 NaN
311,87 4,44 8,24 1,16 0,45 439,88 0,12 31 0,09 NaN
323,77 4,44 8,24 1,16 0,45 441,05 0,12 31 0,09 NaN
335,67 4,43 8,24 1,16 0,44 440,94 0,12 31 0,09 NaN
347,53 4,43 8,24 1,16 0,44 442,53 0,12 31 0,09 NaN
359,43 4,44 8,24 1,16 0,45 439,87 0,12 31 0,09 NaN
371,3 4,47 8,24 1,26 0,48 439,84 0,12 31 0,09 NaN
384,1 4,47 8,24 1,26 0,48 439,73 0,12 31 0,09 NaN
396 4,47 8,24 1,26 0,48 438,51 0,12 31 0,09 NaN
408 4,42 8,24 1,26 0,43 439,91 0,12 31 0,09 NaN
419,87 4,34 8,24 1,25 0,35 439,72 0,12 31 0,09 NaN
431,77 4,52 8,24 1,36 0,53 439,32 0,12 31 0,09 NaN
443,67 4,52 8,24 1,36 0,53 437,09 0,12 31 0,09 NaN
455,53 4,51 8,24 1,36 0,52 443,13 0,12 31 0,09 NaN
468,33 4,53 8,24 1,36 0,54 439,26 0,12 31 0,09 NaN
480,23 4,51 8,24 1,36 0,52 436,32 0,12 31 0,09 NaN
492,1 4,55 8,24 1,46 0,56 440,68 0,12 31 0,09 NaN
504 4,56 8,24 1,46 0,57 435,61 0,12 31 0,09 NaN
515,97 4,53 8,24 1,46 0,54 438,31 0,12 31 0,09 NaN
527,87 4,55 8,24 1,46 0,56 439,24 0,12 31 0,09 NaN
539,77 4,55 8,24 1,46 0,56 435,35 0,12 31 0,09 NaN
551,63 4,62 8,24 1,56 0,63 436,98 0,12 31 0,09 NaN
564,43 4,61 8,24 1,56 0,62 440,13 0,12 31 0,09 NaN
576,33 4,58 8,24 1,56 0,59 437,49 0,12 31 0,09 NaN
588,23 4,59 8,24 1,56 0,6 437,38 0,12 31 0,09 NaN
600,1 4,6 8,24 1,56 0,61 438,84 0,12 31 0,09 NaN
612 4,61 8,24 1,58 0,62 438,09 0,12 31 0,09 NaN
623,97 4,6 8,24 1,56 0,61 433,83 0,12 31 0,09 NaN
635,87 4,58 8,24 1,56 0,59 437,34 0,12 31 0,09 NaN
648,67 4,55 8,24 1,56 0,56 435,98 0,12 31 0,09 NaN
660,57 4,52 8,24 1,56 0,53 433,71 0,12 31 0,09 NaN
672,43 4,55 8,24 1,48 0,55 439,16 0,12 31 0,09 NaN
684,33 4,55 8,24 1,46 0,56 438,19 0,12 31 0,09 NaN
696,23 4,52 8,24 1,46 0,53 441,59 0,12 31 0,09 NaN
708,1 4,56 8,24 1,46 0,57 436,82 0,12 31 0,09 NaN
720 4,55 8,24 1,46 0,56 436,75 0,12 31 0,09 NaN
731,97 4,53 8,24 1,39 0,54 439,64 0,12 31 0,09 NaN
744,77 4,52 8,24 1,36 0,53 440,8 0,12 31 0,09 NaN
756,67 4,51 8,24 1,36 0,52 440,01 0,12 31 0,09 NaN
768,57 4,52 8,24 1,36 0,53 438,97 0,12 31 0,09 NaN
780,43 4,5 8,24 1,36 0,51 439,98 0,12 31 0,09 NaN
792,33 4,48 8,24 1,28 0,49 438,65 0,12 31 0,09 NaN
804,23 4,49 8,24 1,26 0,5 437,27 0,12 31 0,09 NaN
816,1 4,48 8,24 1,26 0,49 440,02 0,12 31 0,09 NaN
829 4,47 8,24 1,26 0,48 436,96 0,12 31 0,09 NaN
840,9 4,47 8,24 1,26 0,48 440,01 0,12 31 0,09 NaN
852,77 4,45 8,24 1,18 0,46 439,11 0,12 31 0,09 NaN
864,67 4,43 8,24 1,16 0,44 439,47 0,12 31 0,09 NaN
876,57 4,43 8,24 1,16 0,44 442,48 0,12 31 0,09 NaN
888,43 4,4 8,24 1,16 0,41 442,37 0,12 31 0,09 NaN
900,33 4,43 8,24 1,16 0,44 434,74 0,12 31 0,09 NaN
912,23 4,41 8,24 1,08 0,42 439,32 0,12 31 0,09 NaN
925,03 4,38 8,24 1,06 0,39 440,58 0,12 31 0,09 NaN
937 4,4 8,24 1,06 0,41 442,91 0,12 31 0,09 NaN
948,9 4,4 8,24 1,06 0,41 440,17 0,12 31 0,09 NaN
960,77 4,38 8,24 1,06 0,39 440,38 0,12 31 0,09 NaN
972,67 4,36 8,24 0,98 0,37 440,81 0,12 31 0,09 NaN
984,57 4,34 8,24 0,96 0,35 443,18 0,12 31 0,09 NaN
996,43 4,34 8,24 0,96 0,35 439,03 0,12 31 0,09 NaN
1009,23 4,35 8,24 0,96 0,36 441,18 0,12 31 0,09 NaN
1021,13 4,34 8,24 0,96 0,35 439,92 0,12 31 0,09 NaN
1033,03 4,32 8,24 0,88 0,33 444,52 0,12 31 0,09 NaN
1045 4,32 8,24 0,86 0,33 442,13 0,12 31 0,09 NaN
1056,9 4,3 8,24 0,86 0,31 441,4 0,12 31 0,08 NaN
1068,77 4,3 8,24 0,86 0,31 442,38 0,12 31 0,08 NaN
1080,67 4,29 8,24 0,86 0,3 443,11 0,12 31 0,08 NaN
1092,57 4,24 8,24 0,78 0,25 445,2 0,12 31 0,08 NaN
1105,37 4,22 8,24 0,76 0,23 444,13 0,12 31 0,08 NaN
1117,23 4,25 8,24 0,76 0,26 441,91 0,12 31 0,08 NaN
1129,13 4,26 8,24 0,76 0,27 443,07 0,12 31 0,08 NaN
1141,03 4,26 8,24 0,76 0,27 445,74 0,12 31 0,08 NaN
11 3,99 8,24 0,75 0 368,05 0,18 31 NaN NaN
22,93 3,99 8,24 0,76 0 368,99 0,18 31 0,03 NaN
34,83 3,98 8,24 0,76 -0,01 368 0,18 31 NaN NaN
47,63 3,97 8,24 0,76 -0,01 373,12 0,18 31 0,01 NaN
59,53 3,98 8,24 0,76 -0,01 370,65 0,18 31 0,02 NaN
71,4 3,98 8,24 0,86 -0,01 375,37 0,18 31 NaN NaN
83,3 3,99 8,24 0,86 0 376,52 0,18 31 0,02 NaN
95,2 3,98 8,24 0,86 -0 378,07 0,18 31 0,01 NaN
107,07 3,96 8,24 0,86 -0,03 396,4 0,18 31 NaN NaN
119 3,99 8,24 0,86 0 423,27 0,18 31 0,01 NaN
130,97 4 8,24 0,96 0,01 446,62 0,18 31 0,02 NaN
143,77 4 8,24 0,96 0,02 450,78 0,18 31 0,02 NaN
155,63 3,99 8,24 0,96 0 453,16 0,18 31 NaN NaN
167,53 3,99 8,24 0,96 0 456,42 0,18 31 0,01 NaN
179,43 4,01 8,24 0,96 0,03 459,57 0,18 31 0,03 NaN
191,33 4,05 8,24 1,06 0,06 474,37 0,18 31 0,05 NaN
203,2 4,11 8,24 1,06 0,12 491,35 0,18 31 0,06 NaN
215,1 4,19 8,24 1,06 0,2 493,04 0,18 31 0,07 NaN
228 4,22 8,24 1,06 0,23 490,84 0,18 31 0,08 NaN
239,87 4,22 8,24 1,06 0,24 491,57 0,18 31 0,08 NaN
251,77 4,31 8,24 1,16 0,32 491,48 0,18 31 0,09 NaN
263,67 4,31 8,24 1,16 0,32 490,85 0,18 31 0,09 NaN
275,57 4,3 8,24 1,16 0,32 492,56 0,18 31 0,08 NaN
287,43 4,32 8,24 1,16 0,34 491,22 0,18 31 0,09 NaN
299,33 4,32 8,24 1,16 0,33 491,46 0,18 31 0,09 NaN
311,23 4,39 8,24 1,26 0,4 491,36 0,18 31 0,09 NaN
324,03 4,33 8,24 1,26 0,35 493,8 0,18 31 0,09 NaN
336 4,24 8,24 1,25 0,26 492,95 0,18 31 0,08 NaN
347,9 4,4 8,24 1,26 0,42 490,64 0,18 31 0,09 NaN
359,8 4,41 8,24 1,26 0,42 490,38 0,18 31 0,09 NaN
371,67 4,44 8,24 1,36 0,46 490,63 0,18 31 0,09 NaN
383,57 4,45 8,24 1,36 0,46 487,71 0,18 31 0,09 NaN
395,47 4,46 8,24 1,36 0,47 489,15 0,18 31 0,09 NaN
408,27 4,47 8,24 1,36 0,48 489,47 0,18 31 0,09 NaN
420,17 4,47 8,24 1,36 0,48 488,81 0,18 31 0,09 NaN
432,03 4,49 8,24 1,46 0,51 489,99 0,18 31 0,09 NaN
444 4,51 8,24 1,46 0,52 488,03 0,18 31 0,09 NaN
455,93 4,51 8,24 1,46 0,53 487,96 0,18 31 0,09 NaN
467,8 4,51 8,24 1,46 0,53 488,33 0,18 31 0,09 NaN
479,7 4,51 8,24 1,46 0,53 489,64 0,18 31 0,09 NaN
491,6 4,55 8,24 1,56 0,57 487,17 0,18 31 0,09 NaN
504,4 4,55 8,24 1,56 0,56 488,03 0,18 31 0,09 NaN
516,3 4,56 8,24 1,56 0,57 486,15 0,18 31 0,09 NaN
528,17 4,54 8,24 1,56 0,56 487,33 0,18 31 0,09 NaN
540,07 4,53 8,24 1,56 0,55 488 0,18 31 0,09 NaN
552 4,55 8,24 1,66 0,56 487,97 0,18 31 0,09 NaN
563,93 4,56 8,24 1,66 0,58 485,73 0,18 31 0,09 NaN
575,83 4,58 8,24 1,66 0,59 488,25 0,18 31 0,09 NaN
588,63 4,59 8,24 1,66 0,61 487,05 0,18 31 0,09 NaN
600,53 4,6 8,24 1,67 0,61 486,6 0,18 31 0,09 NaN
612,4 4,58 8,24 1,57 0,6 486,63 0,18 31 0,09 NaN
624,3 4,55 8,24 1,56 0,57 486,58 0,18 31 0,09 NaN
636,2 4,55 8,24 1,56 0,56 486,14 0,18 31 0,09 NaN
648,07 4,56 8,24 1,56 0,57 487,11 0,18 31 0,09 NaN
660 4,56 8,24 1,56 0,58 488,6 0,18 31 0,09 NaN
671,97 4,52 8,24 1,47 0,53 490,33 0,18 31 0,09 NaN
684,77 4,52 8,24 1,46 0,53 487,48 0,18 31 0,09 NaN
696,63 4,51 8,24 1,46 0,53 490,47 0,18 31 0,09 NaN
708,53 4,52 8,24 1,46 0,53 487,6 0,18 31 0,09 NaN
720,43 4,51 8,24 1,46 0,53 488,01 0,18 31 0,09 NaN
732,33 4,48 8,24 1,37 0,49 488,25 0,18 31 0,09 NaN
744,2 4,49 8,24 1,36 0,5 489,61 0,18 31 0,09 NaN
756,1 4,48 8,24 1,36 0,49 487,24 0,18 31 0,09 NaN
769 4,48 8,24 1,36 0,49 490,53 0,18 31 0,09 NaN
780,87 4,49 8,24 1,36 0,51 489,36 0,18 31 0,09 NaN
792,77 4,44 8,24 1,26 0,46 489,69 0,18 31 0,09 NaN
804,67 4,46 8,24 1,26 0,47 489,77 0,18 31 0,09 NaN
816,57 4,44 8,24 1,26 0,45 490,24 0,18 31 0,09 NaN
828,43 4,44 8,24 1,26 0,45 488,26 0,18 31 0,09 NaN
840,33 4,43 8,24 1,26 0,45 490,13 0,18 31 0,09 NaN
852,23 4,4 8,24 1,17 0,42 491,04 0,18 31 0,09 NaN
865,03 4,42 8,24 1,16 0,43 489,3 0,18 31 0,09 NaN
877 4,41 8,24 1,16 0,42 489,17 0,18 31 0,09 NaN
888,9 4,4 8,24 1,16 0,42 489,3 0,18 31 0,09 NaN
900,8 4,41 8,24 1,16 0,42 488,72 0,18 31 0,09 NaN
912,7 4,35 8,24 1,07 0,37 490,83 0,18 31 0,09 NaN
924,57 4,37 8,24 1,06 0,38 489,18 0,18 31 0,09 NaN
936,47 4,34 8,24 1,06 0,36 490,27 0,18 31 0,09 NaN
949,27 4,36 8,24 1,06 0,37 490,77 0,18 31 0,09 NaN
961,17 4,35 8,24 1,06 0,37 490,92 0,18 31 0,09 NaN
973,07 4,31 8,24 0,96 0,32 490,85 0,18 31 0,09 NaN
985 4,31 8,24 0,96 0,32 490,98 0,18 31 0,09 NaN
996,93 4,3 8,24 0,96 0,31 491,53 0,18 31 0,08 NaN
1008,83 4,31 8,24 0,96 0,32 489,1 0,18 31 0,09 NaN
1020,7 4,29 8,24 0,96 0,31 490,8 0,18 31 0,08 NaN
1032,6 4,28 8,24 0,87 0,29 491,7 0,18 31 0,08 NaN
1045,4 4,27 8,24 0,86 0,29 491,39 0,18 31 0,08 NaN
1057,3 4,26 8,24 0,86 0,28 491,37 0,18 31 0,08 NaN
1069,17 4,27 8,24 0,86 0,29 491,81 0,18 31 0,08 NaN
1081,07 4,27 8,24 0,86 0,28 488,99 0,18 31 0,08 NaN
1093 4,23 8,24 0,76 0,25 489,34 0,18 31 0,08 NaN
1104,93 4,22 8,24 0,76 0,23 491,02 0,18 31 0,08 NaN
1116,83 4,22 8,24 0,76 0,23 490,28 0,18 31 0,08 NaN
1129,63 4,22 8,24 0,76 0,24 491,07 0,18 31 0,08 NaN
1141,53 4,23 8,24 0,76 0,24 490,92 0,18 31 0,08 NaN
11 4 8,28 0,75 0 398,33 0,24 31 0,01 NaN
22,9 4 8,28 0,76 -0 397,81 0,24 31 NaN NaN
34,8 4,02 8,28 0,76 0,02 399,63 0,24 31 0,03 NaN
47,6 4,01 8,28 0,76 0,01 396,96 0,24 31 0,02 NaN
59,47 4 8,28 0,76 -0 397,67 0,24 31 0,01 NaN
71,37 4,01 8,28 0,86 0,01 404,43 0,24 31 0,02 NaN
83,27 4 8,28 0,86 0,01 402,78 0,24 31 0,02 NaN
95,13 4,01 8,28 0,86 0,02 404,12 0,24 31 0,02 NaN
107,03 4 8,28 0,86 0,01 401,4 0,24 31 NaN NaN
119 4,01 8,28 0,86 0,01 399,12 0,24 31 0,02 NaN
130,9 4,02 8,28 0,96 0,02 403,3 0,24 31 0,02 NaN
143,7 4 8,28 0,96 0,01 396,03 0,24 31 0,02 NaN
155,6 4,01 8,28 0,96 0,01 406,58 0,24 31 0,02 NaN
167,47 4 8,28 0,96 0 405,63 0,24 31 0,01 NaN
179,37 4,01 8,28 0,96 0,01 405,76 0,24 31 0,02 NaN
191,27 4,01 8,28 1,06 0,01 400,54 0,24 31 0,03 NaN
203,13 4,01 8,28 1,06 0,02 404,22 0,24 31 0,02 NaN
215,03 4,01 8,28 1,06 0,01 404,86 0,24 31 0,03 NaN
227,93 4 8,28 1,06 -0 405,73 0,24 31 0,01 NaN
239,8 4,02 8,28 1,06 0,02 403,67 0,24 31 0,02 NaN
251,7 4,01 8,28 1,16 0,01 403,85 0,24 31 0,02 NaN
263,6 4,01 8,28 1,16 0,01 407,52 0,24 31 0,03 NaN
275,47 4 8,28 1,16 0,01 408,27 0,24 31 NaN NaN
287,37 4,02 8,28 1,16 0,02 404,88 0,24 31 0,02 NaN
299,23 4 8,28 1,15 0,01 403,68 0,24 31 0,02 NaN
311,13 4,02 8,28 1,26 0,02 405,05 0,24 31 0,04 NaN
324 4,01 8,28 1,26 0,01 413,07 0,24 31 0,02 NaN
335,9 4,04 8,28 1,26 0,04 417,7 0,24 31 0,04 NaN
347,8 4,03 8,28 1,26 0,04 429,57 0,24 31 0,03 NaN
359,7 4,02 8,28 1,26 0,02 433,52 0,24 31 0,03 NaN
371,57 4,03 8,28 1,36 0,04 470,62 0,24 31 0,04 NaN
383,47 4,06 8,28 1,36 0,06 474 0,24 31 0,04 NaN
395,37 4,03 8,28 1,36 0,04 475,2 0,24 31 0,03 NaN
408,17 4,03 8,28 1,36 0,03 472,22 0,24 31 0,03 NaN
420,03 4,05 8,28 1,36 0,05 474,04 0,24 31 0,04 NaN
432 4,06 8,28 1,46 0,06 483,63 0,24 31 0,05 NaN
443,9 4,08 8,28 1,46 0,08 481,64 0,24 31 0,05 NaN
455,8 4,05 8,28 1,46 0,06 487,65 0,24 31 0,05 NaN
467,7 4,12 8,28 1,46 0,12 502,61 0,24 31 0,06 NaN
479,57 4,21 8,28 1,46 0,22 517,22 0,24 31 0,07 NaN
491,47 4,32 8,28 1,56 0,32 516,55 0,24 31 0,09 NaN
504,27 4,39 8,28 1,56 0,39 514,45 0,24 31 0,09 NaN
516,17 4,42 8,28 1,56 0,42 518,67 0,24 31 0,09 NaN
528,07 4,42 8,28 1,56 0,43 517,01 0,24 31 0,09 NaN
540 4,41 8,28 1,56 0,41 516,71 0,24 31 0,09 NaN
551,93 4,48 8,28 1,66 0,48 515,7 0,24 31 0,09 NaN
563,83 4,46 8,28 1,66 0,47 515,01 0,24 31 0,09 NaN
575,73 4,4 8,28 1,66 0,4 516,2 0,24 31 0,09 NaN
588,53 4,49 8,28 1,66 0,49 515,9 0,24 31 0,09 NaN
600,4 4,51 8,28 1,67 0,51 512,59 0,24 31 0,09 NaN
612,3 4,57 8,28 1,76 0,58 513,72 0,24 31 0,09 NaN
624,2 4,57 8,28 1,76 0,57 513,58 0,24 31 0,09 NaN
636,1 4,57 8,28 1,76 0,58 515,5 0,24 31 0,09 NaN
648 4,58 8,28 1,76 0,59 515,97 0,24 31 0,09 NaN
659,97 4,58 8,28 1,76 0,58 516,16 0,24 31 0,09 NaN
671,9 4,64 8,28 1,86 0,64 516,12 0,24 31 0,09 NaN
684,67 4,64 8,28 1,86 0,64 509,94 0,24 31 0,09 NaN
696,57 4,65 8,28 1,86 0,65 515,15 0,24 31 0,09 NaN
708,43 4,63 8,28 1,86 0,63 506,75 0,24 31 0,09 NaN
720,33 4,65 8,28 1,86 0,66 510,6 0,24 31 0,09 NaN
732,23 4,66 8,28 1,96 0,67 507,76 0,24 31 0,09 NaN
744,13 4,68 8,28 1,96 0,69 515,36 0,24 31 0,09 NaN
756 4,7 8,28 1,96 0,7 513,25 0,24 31 0,08 NaN
768,9 4,7 8,28 1,96 0,7 511,97 0,24 31 0,08 NaN
780,8 4,71 8,28 1,97 0,71 513,79 0,24 31 0,08 NaN
792,7 4,72 8,28 2,06 0,73 510,25 0,24 31 0,08 NaN
804,57 4,73 8,28 2,06 0,73 510,29 0,24 31 0,08 NaN
816,47 4,71 8,28 2,06 0,71 510,18 0,24 31 0,08 NaN
828,37 4,7 8,28 2,06 0,71 513,44 0,24 31 0,08 NaN
840,27 4,72 8,28 2,06 0,72 511,09 0,24 31 0,08 NaN
852,13 4,78 8,28 2,16 0,78 511,34 0,24 31 0,08 NaN
865 4,71 8,28 1,96 0,71 513,15 0,24 31 0,08 NaN
876,93 4,69 8,28 1,96 0,69 513,68 0,24 31 0,09 NaN
888,83 4,69 8,28 1,96 0,7 514,13 0,24 31 0,08 NaN
900,7 4,7 8,28 1,96 0,7 512,58 0,24 31 0,08 NaN
912,6 4,7 8,28 1,96 0,7 513,19 0,24 31 0,08 NaN
924,5 4,66 8,28 1,86 0,66 517,72 0,24 31 0,09 NaN
936,4 4,67 8,28 1,86 0,67 513,65 0,24 31 0,09 NaN
949,2 4,66 8,28 1,86 0,66 513,16 0,24 31 0,09 NaN
961,07 4,67 8,28 1,86 0,67 514,75 0,24 31 0,09 NaN
973 4,68 8,28 1,86 0,68 514,78 0,24 31 0,09 NaN
984,97 4,63 8,28 1,76 0,63 514,07 0,24 31 0,09 NaN
996,83 4,63 8,28 1,76 0,64 514,67 0,24 31 0,09 NaN
1008,73 4,63 8,28 1,76 0,64 513,43 0,24 31 0,09 NaN
1020,63 4,62 8,28 1,76 0,62 514,33 0,24 31 0,09 NaN
1032,53 4,63 8,28 1,76 0,64 514,75 0,24 31 0,09 NaN
1045,33 4,58 8,28 1,66 0,58 516,72 0,24 31 0,09 NaN
1057,23 4,6 8,28 1,66 0,6 518,98 0,24 31 0,09 NaN
1069,1 4,59 8,28 1,66 0,59 515,82 0,24 31 0,09 NaN
1081 4,58 8,28 1,66 0,58 516,17 0,24 31 0,09 NaN
1093 4,58 8,28 1,66 0,58 516,49 0,24 31 0,09 NaN
1104,87 4,54 8,28 1,56 0,54 516,23 0,24 31 0,09 NaN
1116,77 4,54 8,28 1,56 0,54 515,99 0,24 31 0,09 NaN
1129,57 4,54 8,28 1,56 0,54 515,57 0,24 31 0,09 NaN
1141,47 4,55 8,28 1,56 0,55 515,99 0,24 31 0,09 NaN
1153,37 4,53 8,28 1,56 0,54 515,1 0,24 31 0,09 NaN
1165,27 4,49 8,28 1,46 0,49 516,93 0,24 31 0,09 NaN
1177,13 4,5 8,28 1,46 0,5 516,09 0,24 31 0,09 NaN
1189,03 4,5 8,28 1,46 0,51 516,6 0,24 31 0,09 NaN
1201 4,48 8,28 1,46 0,48 515,92 0,24 31 0,09 NaN
1212,9 4,49 8,28 1,46 0,49 516,71 0,24 31 0,09 NaN
1225,73 4,45 8,28 1,36 0,46 518,01 0,24 31 0,09 NaN
1237,6 4,47 8,28 1,36 0,47 516,92 0,24 31 0,09 NaN
1249,5 4,46 8,28 1,36 0,46 516,13 0,24 31 0,09 NaN
1261,4 4,46 8,28 1,36 0,46 517,33 0,24 31 0,09 NaN
1273,3 4,48 8,28 1,36 0,48 519,11 0,24 31 0,09 NaN
1285,2 4,4 8,28 1,26 0,4 515,94 0,24 31 0,09 NaN
1297,07 4,39 8,28 1,26 0,39 518,97 0,24 31 0,09 NaN
1309,97 4,43 8,28 1,26 0,43 518,16 0,24 31 0,09 NaN
1321,87 4,42 8,28 1,26 0,42 519,28 0,24 31 0,09 NaN
1333,77 4,43 8,28 1,26 0,43 517,96 0,24 31 0,09 NaN
1345,67 4,38 8,28 1,16 0,39 518,04 0,24 31 0,09 NaN
1357,53 4,37 8,28 1,16 0,37 517,72 0,24 31 0,09 NaN
1369,43 4,38 8,28 1,16 0,38 518,13 0,24 31 0,09 NaN
1381,33 4,36 8,28 1,16 0,36 519,58 0,24 31 0,09 NaN
1393,23 4,38 8,28 1,16 0,38 517,24 0,24 31 0,09 NaN
1406,03 4,32 8,28 1,06 0,33 516,28 0,24 31 0,09 NaN
1418 4,31 8,28 1,06 0,32 518,08 0,24 31 0,08 NaN
1429,9 4,31 8,28 1,06 0,32 517,96 0,24 31 0,09 NaN
1441,8 4,32 8,28 1,06 0,32 517,84 0,24 31 0,09 NaN
1453,7 4,3 8,28 1,06 0,31 520,05 0,24 31 0,09 NaN
1465,57 4,25 8,28 0,96 0,25 516,24 0,24 31 0,08 NaN
1477,47 4,29 8,28 0,96 0,29 516,05 0,24 31 0,08 NaN
1490,27 4,28 8,28 0,96 0,29 516,47 0,24 31 0,08 NaN
1502,17 4,27 8,28 0,96 0,27 515,32 0,24 31 0,08 NaN
1514,07 4,27 8,28 0,96 0,27 516,02 0,24 31 0,08 NaN
1526 4,21 8,28 0,86 0,21 510,09 0,24 31 0,07 NaN
1537,93 4,14 8,28 0,86 0,14 489,87 0,24 31 0,06 NaN
11,47 4,01 8,27 0,08 -0,01 414,66 0,28 31 0 8,93
23,33 4,01 8,27 0,08 -0 417,32 0,28 31 0 2,17
35,23 4,02 8,27 0,08 0,01 417,54 0,28 31 0 3,87
47,13 4 8,27 0,08 -0,01 416,31 0,28 31 0 10,2
59,03 3,99 8,27 0,08 -0,02 415,79 0,28 31 0 3,38
71 4 8,27 0,75 -0,01 415,8 0,28 31 0 12,88
82,9 3,99 8,27 0,76 -0,02 416,45 0,28 31 0 5,76
95,7 3,99 8,27 0,76 -0,02 416,89 0,28 31 0 3,85
107,57 3,98 8,27 0,76 -0,03 415,63 0,28 31 0 8,14
119,47 4 8,27 0,76 -0,01 417,74 0,28 31 0 6,04
131,37 4 8,27 0,86 -0,01 416,74 0,28 31 0 8,16
143,27 3,98 8,27 0,86 -0,03 418,42 0,28 31 0 3,07
155,13 4 8,27 0,86 -0,01 416,59 0,28 31 0 5,88
167,03 4,01 8,27 0,86 -0 417,6 0,28 31 0 10,98
179,93 4,01 8,27 0,86 -0 417,63 0,28 31 0 6,83
191,83 3,98 8,27 0,96 -0,03 418,02 0,28 31 0 7,34
203,7 4 8,27 0,96 -0,01 417,9 0,28 31 0 5,54
215,6 3,99 8,27 0,96 -0,02 417,81 0,28 31 0 3,65
227,5 3,99 8,27 0,96 -0,02 417,79 0,28 31 0 3,26
239,4 3,98 8,27 0,96 -0,03 418,46 0,28 31 0 13,21
251,27 3,99 8,27 1,06 -0,02 418,94 0,28 31 0 8,56
263,17 3,98 8,27 1,06 -0,03 419,79 0,28 31 0 6,06
276 3,95 8,27 1,06 -0,06 418,47 0,28 31 0 3,24
287,97 3,99 8,27 1,06 -0,02 418,67 0,28 31 0 7,41
299,83 3,98 8,27 1,06 -0,03 418,26 0,28 31 0 6,73
311,73 3,99 8,27 1,16 -0,03 419,69 0,28 31 0 5,32
323,63 3,99 8,27 1,16 -0,02 419,34 0,28 31 0 18,06
335,53 3,99 8,27 1,16 -0,02 420,69 0,28 31 0 3,41
347,4 3,97 8,27 1,16 -0,04 421,14 0,28 31 0 3,17
360,2 3,98 8,27 1,16 -0,03 419,21 0,28 31 0 11,39
372,1 3,97 8,27 1,26 -0,05 422,03 0,28 31 0 10,79
384 3,99 8,27 1,26 -0,02 423,05 0,28 31 0 6,06
395,97 3,95 8,27 1,26 -0,07 424,18 0,28 31 0 4,97
407,87 3,98 8,27 1,26 -0,03 421,94 0,28 31 0 6,05
419,77 3,97 8,27 1,24 -0,04 415,73 0,28 31 0 5,51
431,67 4,01 8,27 1,36 -0,01 423,62 0,28 31 0 8,49
443,53 4,01 8,27 1,36 -0 425,5 0,28 31 0 10,72
456,33 4 8,27 1,36 -0,01 427,57 0,28 31 0 6,09
468,23 4,01 8,27 1,36 -0,01 427,7 0,28 31 0 15,03
480,13 3,98 8,27 1,36 -0,03 428,79 0,28 31 0 4,14
492 4,01 8,27 1,46 -0 436,78 0,28 31 0 10,73
504 4,01 8,27 1,46 0 461,49 0,28 31 0 46,97
515,9 4,01 8,27 1,46 -0 468,2 0,28 31 0 19,24
527,8 4,01 8,27 1,46 -0 469,9 0,28 31 0 30,02
540,6 3,99 8,27 1,47 -0,02 470,47 0,28 31 0 11,69
552,47 4,02 8,27 1,56 0,01 479,23 0,28 31 0 22,48
564,37 4,01 8,27 1,56 -0 480,68 0,28 31 0 14,75
576,27 4,03 8,27 1,56 0,02 483,67 0,28 31 0 12,56
588,17 4,02 8,27 1,56 0,01 481,18 0,28 31 0 3,88
600,07 4,01 8,27 1,56 -0 482,58 0,28 31 0 8,96
612 4,03 8,27 1,66 0,02 489,92 0,28 31 0 27,53
623,93 4,06 8,27 1,66 0,04 495,12 0,28 31 0 19,14
636,73 4,06 8,27 1,66 0,04 494,02 0,28 31 0 18,69
648,63 4,06 8,27 1,66 0,04 498,6 0,28 31 0 101,46
660,5 4,05 8,27 1,67 0,04 497,18 0,28 31 0 39,46
672,4 4,08 8,27 1,76 0,06 498,92 0,28 31 0 85,99
684,3 4,06 8,27 1,76 0,04 491,84 0,28 31 0 48,34
696,2 4,11 8,27 1,76 0,09 511,68 0,28 31 0 97,15
708,1 4,28 8,27 1,76 0,27 524,22 0,28 31 0 21,78
720,97 4,39 8,27 1,78 0,37 525,72 0,28 31 0 37,91
732,87 4,47 8,27 1,86 0,46 526,55 0,28 31 0 68,44
744,77 4,49 8,27 1,86 0,47 525,69 0,28 31 0 53,64
756,67 4,52 8,27 1,86 0,5 523,09 0,28 31 0 27,29
768,57 4,53 8,27 1,86 0,52 525,44 0,28 31 0 42,36
780,47 4,54 8,27 1,86 0,53 525,74 0,28 31 0 89,37
792,37 4,6 8,27 1,96 0,58 520,8 0,28 31 0 59,2
804,23 4,61 8,27 1,96 0,6 521,44 0,28 31 0 15,79
817,03 4,61 8,27 1,96 0,6 524,7 0,28 31 0 37,44
829 4,63 8,27 1,96 0,62 528,45 0,28 31 0 52,52
840,93 4,64 8,27 1,98 0,63 521,35 0,28 31 0 48,42
852,83 4,72 8,27 2,06 0,71 520,03 0,28 31 0 35,12
864,73 4,69 8,27 2,06 0,68 521,17 0,28 31 0 38,56
876,6 4,69 8,27 2,06 0,67 521,13 0,28 31 0 46,56
888,5 4,69 8,27 2,06 0,68 522,81 0,28 31 0 17,78
901,3 4,69 8,27 2,09 0,68 521,64 0,28 31 0 14,8
913,2 4,73 8,27 2,16 0,71 523,71 0,28 31 0 74,39
925,1 4,65 8,27 2,16 0,63 519,93 0,28 31 0 39
937 4,73 8,27 2,16 0,71 519,58 0,28 31 0 51,18
949 4,75 8,27 2,16 0,74 519,36 0,28 31 0 70,51
960,87 4,74 8,27 2,17 0,73 519,53 0,28 31 0 35,13
972,77 4,76 8,27 2,17 0,74 519,07 0,28 31 0 33,08
984,67 4,76 8,27 2,16 0,75 519,7 0,28 31 0 17,19
997,47 4,76 8,27 2,16 0,75 518,96 0,28 31 0 30,22
1009,37 4,76 8,27 2,16 0,74 521,23 0,28 31 0 22,88
1021,27 4,78 8,27 2,16 0,77 521,17 0,28 31 0 50,63
1033,17 4,73 8,27 2,07 0,71 517,91 0,28 31 0 11,23
1045,07 4,73 8,27 2,06 0,71 519,44 0,28 31 0 59,54
1057 4,71 8,27 2,06 0,7 521,04 0,28 31 0 90,42
1068,93 4,74 8,27 2,06 0,73 520 0,28 31 0 47,97
1081,73 4,73 8,27 2,06 0,72 520,1 0,28 31 0 22,03
1093,63 4,71 8,27 1,97 0,69 519,88 0,28 31 0 44,63
1105,53 4,74 8,27 1,96 0,73 520,34 0,28 31 0 42,35
1117,43 4,7 8,27 1,96 0,69 518,12 0,28 31 0 36,9
1129,33 4,72 8,27 1,96 0,71 518,04 0,28 31 0 41,82
1141,23 4,69 8,27 1,96 0,68 518,86 0,28 31 0 53,55
1153,1 4,66 8,27 1,87 0,65 518,57 0,28 31 0 39,26
1165 4,67 8,27 1,86 0,65 520,27 0,28 31 0 61,74
1177,9 4,66 8,27 1,86 0,64 518,64 0,28 31 0 47,2
1189,8 4,66 8,27 1,86 0,65 520,36 0,28 31 0 42,69
1201,7 4,63 8,27 1,86 0,62 522,9 0,28 31 0 24
1213,6 4,63 8,27 1,77 0,61 520,77 0,28 31 0 55,02
1225,47 4,62 8,27 1,76 0,6 519,86 0,28 31 0 32,58
1237,37 4,61 8,27 1,76 0,6 521,35 0,28 31 0 31,95
1249,27 4,61 8,27 1,76 0,6 522,88 0,28 31 0 39,12
1262,07 4,61 8,27 1,76 0,6 519,5 0,28 31 0 28,95
1274 4,58 8,27 1,67 0,57 521,5 0,28 31 0 32,38
1285,97 4,57 8,27 1,66 0,56 523,44 0,28 31 0 30,48
1297,87 4,59 8,27 1,66 0,58 519,9 0,28 31 0 24,67
1309,77 4,56 8,27 1,66 0,55 520,76 0,28 31 0 39,7
1321,63 4,57 8,27 1,66 0,55 521,82 0,28 31 0 34,1
1333,53 4,52 8,27 1,57 0,51 520,81 0,28 31 0 74,97
1345,43 4,52 8,27 1,56 0,51 520,79 0,28 31 0 78,2
1358,23 4,53 8,27 1,56 0,52 513,33 0,28 31 0 47,55
1370,13 4,53 8,27 1,56 0,52 524,38 0,28 31 0 90,31
1382,03 4,54 8,27 1,56 0,53 522,44 0,28 31 0 27,25
1394 4,49 8,27 1,47 0,47 522,05 0,28 31 0 37,66
1405,9 4,49 8,27 1,46 0,48 520,13 0,28 31 0 71,61
1417,8 4,5 8,27 1,46 0,48 520,2 0,28 31 0 68,55
1429,7 4,51 8,27 1,46 0,49 521,35 0,28 31 0 32,67
1442,5 4,49 8,27 1,46 0,48 522,07 0,28 31 0 39,52
1454,4 4,46 8,27 1,36 0,44 526,52 0,28 31 0 33,27
1466,3 4,45 8,27 1,36 0,44 525,18 0,28 31 0 24,7
1478,2 4,45 8,27 1,36 0,44 521,16 0,28 31 0 61,73
1490,1 4,46 8,27 1,36 0,45 520,07 0,28 31 0 38,56
1502 4,45 8,27 1,36 0,44 525,71 0,28 31 0 23,33
1513,97 4,41 8,27 1,27 0,4 526,41 0,28 31 0 21,79
1525,87 4,42 8,27 1,26 0,4 523,18 0,28 31 0 70,36
1538,67 4,4 8,27 1,26 0,39 522,25 0,28 31 0 60
1550,57 4,4 8,27 1,26 0,39 521,86 0,28 31 0 99,79
1562,47 4,44 8,27 1,26 0,43 521,81 0,28 31 0 34,08
1574,33 4,37 8,27 1,16 0,36 523,37 0,28 31 0 65,11
1586,23 4,38 8,27 1,16 0,37 521,92 0,28 31 0 15,45
1598,13 4,35 8,27 1,16 0,33 521,22 0,28 31 0 8,47
1610,03 4,36 8,27 1,16 0,35 520,94 0,28 31 0 77,3
1622,93 4,37 8,27 1,16 0,36 522,11 0,28 31 0 42,95
1634,83 4,33 8,27 1,06 0,32 519,42 0,28 31 0 27,37
1646,73 4,32 8,27 1,06 0,31 517,05 0,28 31 0 43,54
1658,63 4,31 8,27 1,06 0,3 520,95 0,28 31 0 42,51
1670,5 4,3 8,27 1,06 0,29 526,38 0,28 31 0 34,42
1682,4 4,31 8,27 1,06 0,3 523,09 0,28 31 0 76,49
1694,3 4,25 8,27 0,96 0,24 518,69 0,28 31 0 68,26
1706,2 4,11 8,27 0,96 0,1 493,41 0,28 31 0 29,37
11,47 3,93 8,09 0,23 -0,02 416,73 0,3 31 0 11,46
23,33 3,93 8,09 0,23 -0,02 416,87 0,3 31 0 7,42
35,23 3,93 8,09 0,23 -0,03 416,19 0,3 31 0 4,55
47,13 3,98 8,19 0,23 0,02 417,02 0,3 31 0 9,17
59,03 4 8,24 0,23 0,04 416,18 0,3 31 0 7,88
71 4 8,24 0,75 0,05 420,67 0,3 30,53 0 13,6
82,9 3,99 8,24 0,76 0,04 419,96 0,3 31 0 6,54
95,7 3,99 8,24 0,76 0,04 420,54 0,3 31 0 5,85
107,6 4 8,24 0,76 0,05 422,38 0,3 31 0 4,6
119,5 3,99 8,24 0,76 0,04 420,49 0,3 31 0 7,61
131,37 3,98 8,24 0,86 0,03 420,87 0,3 31 0 5,83
143,27 3,99 8,24 0,86 0,04 420,59 0,3 31 0 3,33
155,17 4 8,24 0,86 0,04 419,84 0,3 31 0 11,38
167,07 3,99 8,24 0,86 0,04 420,22 0,3 31 0 17,8
179,97 3,99 8,24 0,86 0,04 422,57 0,3 31 0 4,5
191,83 4 8,24 0,96 0,04 421,95 0,3 31 0 13,72
203,73 4 8,24 0,96 0,04 421,75 0,3 31 0 11,92
215,63 3,99 8,24 0,96 0,04 421,78 0,3 31 0 9,49
227,53 4,01 8,24 0,96 0,05 422,78 0,3 31 0 6
239,4 3,99 8,24 0,96 0,04 422,23 0,3 31 0 10,82
251,3 4,01 8,24 1,06 0,06 423,28 0,3 31 0 5,53
263,2 3,99 8,24 1,06 0,04 423,24 0,3 31 0 3,69
276 3,99 8,24 1,06 0,04 422,07 0,3 31 0 14,16
288 3,99 8,24 1,06 0,04 422,4 0,3 31 0 1,6
299,87 4 8,24 1,06 0,04 426,1 0,3 31 0 3,33
311,77 4 8,24 1,16 0,04 422,62 0,3 31 0 10,71
323,67 4 8,24 1,16 0,05 423,79 0,3 31 0 7,65
335,57 4 8,24 1,13 0,04 422,7 0,3 31 0 4,18
347,43 3,99 8,24 1,16 0,04 423,81 0,3 31 0 8,77
360,27 3,99 8,24 1,16 0,04 423,82 0,3 31 0 19,21
372,13 4 8,24 1,26 0,05 424,5 0,3 31 0 10,45
384,03 3,99 8,24 1,26 0,04 424,82 0,3 31 0 5,89
396 4 8,24 1,26 0,05 423,92 0,3 31 0 9,31
407,9 3,98 8,24 1,26 0,03 425,16 0,3 31 0 4,81
419,8 4 8,24 1,26 0,05 426,23 0,3 31 0 10,91
431,7 4 8,24 1,36 0,04 427,2 0,3 31 0 5,58
443,6 4,01 8,24 1,36 0,05 428,5 0,3 31 0 8,46
456,4 4 8,24 1,36 0,05 428,84 0,3 31 0 5,44
468,3 4 8,24 1,36 0,04 429,07 0,3 31 0 5,28
480,17 3,99 8,24 1,36 0,04 427,27 0,3 31 0 6,9
492,07 4 8,24 1,46 0,04 430,75 0,3 31 0 3,11
504 4 8,24 1,46 0,04 431,62 0,3 31 0 15,21
515,97 4 8,24 1,46 0,05 429,55 0,3 31 0 6,9
527,83 4 8,24 1,46 0,05 430,5 0,3 31 0 14,51
540,63 3,99 8,24 1,47 0,03 431,9 0,3 31 0 14,08
552,53 4,01 8,24 1,56 0,06 436,63 0,3 31 0 8,88
564,43 4 8,24 1,56 0,05 438,77 0,3 31 0 6,03
576,33 4 8,24 1,56 0,05 439,69 0,3 31 0 9,77
588,2 4,04 8,24 1,56 0,08 442,5 0,3 31 0 13,75
600,1 4,01 8,24 1,56 0,05 441,23 0,3 31 0 23,86
612 3,99 8,24 1,66 0,04 464,51 0,3 31 0 10,85
624,9 3,99 8,24 1,66 0,04 467,46 0,3 31 0 12,15
636,8 4 8,24 1,66 0,05 470,74 0,3 31 0 16,48
648,67 4,01 8,24 1,66 0,06 470,91 0,3 31 0 9,64
660,57 4 8,24 1,67 0,04 472,25 0,3 31 0 15,1
672,47 4,02 8,24 1,76 0,07 474,95 0,3 31 0 18,56
684,37 4,01 8,24 1,76 0,06 480,63 0,3 31 0 11,29
696,23 4,01 8,24 1,76 0,06 479,84 0,3 31 0 9,23
709,03 4,02 8,24 1,76 0,06 482,11 0,3 31 0 8,48
721 4,02 8,24 1,78 0,06 483,33 0,3 31 0 40,58
732,93 4,04 8,24 1,86 0,09 489,17 0,3 31 0 40,62
744,8 4,04 8,24 1,86 0,09 491,21 0,3 31 0 6,12
756,7 4,04 8,24 1,86 0,09 493,31 0,3 31 0 16,4
768,6 4,08 8,24 1,86 0,12 494,02 0,3 31 0 16,94
780,47 4,08 8,24 1,86 0,13 499,04 0,3 31 0 29,68
793,3 4,19 8,24 1,96 0,23 520,97 0,3 31 0 32,73
805,17 4,36 8,24 1,96 0,41 526,81 0,3 31 0 31,77
817,07 4,46 8,24 1,96 0,5 527,47 0,3 31 0 37,29
829 4,49 8,24 1,96 0,53 525,46 0,3 31 0 54,8
840,97 4,51 8,24 1,97 0,56 525,05 0,3 31 0 59
852,83 4,56 8,24 2,06 0,6 524,8 0,3 31 0 27,75
864,73 4,59 8,24 2,06 0,64 523,08 0,3 31 0 29,87
876,63 4,6 8,24 2,06 0,65 523,65 0,3 31 0 54,71
889,43 4,61 8,24 2,06 0,66 521,73 0,3 31 0 24,17
901,33 4,61 8,24 2,09 0,66 522,94 0,3 31 0 42,66
913,23 4,67 8,24 2,16 0,71 529,14 0,3 31 0 18,07
925,13 4,67 8,24 2,16 0,72 522,61 0,3 31 0 23,03
937 4,67 8,24 2,16 0,72 523,89 0,3 31 0 57,09
949 4,67 8,24 2,16 0,72 522,76 0,3 31 0 36,66
960,9 4,66 8,24 2,07 0,7 525 0,3 31 0 36,94
973,7 4,66 8,24 2,06 0,71 523,37 0,3 31 0 49,96
985,6 4,61 8,24 2,06 0,66 520,5 0,3 31 0 31,75
997,47 4,66 8,24 2,06 0,71 517,44 0,3 31 0 41,87
1009,37 4,67 8,24 2,06 0,71 518,25 0,3 31 0 85,4
1021,27 4,64 8,24 1,97 0,69 520,38 0,3 31 0 43,06
1033,17 4,64 8,24 1,96 0,69 517,37 0,3 31 0 21,76
1045,07 4,67 8,24 1,96 0,72 522,21 0,3 31 0 38,44
1057 4,66 8,24 1,96 0,7 520,69 0,3 31 0 41,56
1069,83 4,62 8,24 1,96 0,66 519,5 0,3 31 0 58,77
1081,73 4,59 8,24 1,87 0,63 518,49 0,3 31 0 54,99
1093,63 4,59 8,24 1,86 0,64 517,74 0,3 31 0 67,63
1105,53 4,61 8,24 1,86 0,65 518,01 0,3 31 0 49,59
1117,43 4,59 8,24 1,86 0,64 516,57 0,3 31 0 14,03
1129,3 4,6 8,24 1,86 0,65 516,97 0,3 31 0 69,82
1141,2 4,56 8,24 1,77 0,61 520,02 0,3 31 0 31,49
1154 4,56 8,24 1,76 0,61 524,39 0,3 31 0 63,13
1166 4,56 8,24 1,76 0,61 519,66 0,3 31 0 73,28
1177,87 4,56 8,24 1,76 0,61 518,61 0,3 31 0 32,54
1189,77 4,58 8,24 1,76 0,62 520,18 0,3 31 0 68,15
1201,67 4,53 8,24 1,67 0,58 520,36 0,3 31 0 42,59
1213,57 4,53 8,24 1,66 0,58 518,99 0,3 31 0 42,73
1225,47 4,53 8,24 1,66 0,58 520,68 0,3 31 0 19,43
1237,33 4,54 8,24 1,66 0,58 523,19 0,3 31 0 44,08
1250,13 4,54 8,24 1,66 0,59 521,61 0,3 31 0 43,37
1262,03 4,49 8,24 1,57 0,54 518,74 0,3 31 0 48,9
1274 4,48 8,24 1,56 0,53 521,37 0,3 31 0 77,16
1285,93 4,48 8,24 1,56 0,53 523,55 0,3 31 0 15,29
1297,83 4,48 8,24 1,56 0,53 523,79 0,3 31 0 19,4
1309,7 4,49 8,24 1,56 0,53 520,73 0,3 31 0 27,05
1321,6 4,44 8,24 1,47 0,49 523,38 0,3 31 0 34,84
1334,4 4,44 8,24 1,46 0,49 521,65 0,3 31 0 29,2
1346,3 4,44 8,24 1,46 0,49 523,22 0,3 31 0 25,82
1358,2 4,44 8,24 1,46 0,49 520,96 0,3 31 0 15,24
1370,1 4,44 8,24 1,46 0,49 522,78 0,3 31 0 18,27
1382 4,39 8,24 1,37 0,44 522,97 0,3 31 0 16,99
1393,97 4,39 8,24 1,36 0,44 521,41 0,3 31 0 24,08
1405,87 4,39 8,24 1,36 0,44 524,66 0,3 31 0 49,58
1417,77 4,35 8,24 1,36 0,4 525,27 0,3 31 0 32,56
1430,57 4,38 8,24 1,36 0,43 523,34 0,3 31 0 32,98
1442,47 4,33 8,24 1,26 0,37 521,56 0,3 31 0 34,12
1454,37 4,29 8,24 1,26 0,34 518,36 0,3 31 0 37,09
1466,23 4,25 8,24 1,26 0,29 515,28 0,3 31 0 39,62
1478,13 4,18 8,24 1,26 0,23 504,75 0,3 31 0 56,44
1490,03 4,05 8,24 1,26 0,1 486,02 0,3 31 0 42,49
1502 4,01 8,24 1,17 0,06 474,46 0,3 31 0 34,45
1514,8 4 8,24 1,16 0,04 469,26 0,3 31 0 11,11
1526,7 4 8,24 1,16 0,04 469,26 0,3 31 0 29,91
1538,6 4 8,24 1,16 0,04 466,32 0,3 31 0 32,25
1550,5 4 8,24 1,16 0,04 464,68 0,3 31 0 27,78
3217,2 4,03 0,13 0 -0 408,57 0,12 31
6877,6 4,03 0,13 0 -0 406,46 0,12 31
11453,17 4,04 0,13 0 -0 404,28 0,12 31
15113,6 4,03 0,13 0 -0,01 400,32 0,13 31
19688,8 4,05 0,13 0,02 0,01 396,53 0,13 31
23349,6 4,03 0,73 0,75 -0,01 406,26 0,12 31
27010 4,1 0,73 0,75 0,07 397,99 0,13 31
31585,93 4,08 0,74 0,75 0,05 394,68 0,13 31
35246,3 4,07 0,74 0,75 0,04 399,8 0,13 31
39822 4,07 0,75 0,77 0,03 408,28 0,12 31
43482,9 4,04 0,82 0,85 0,01 411,58 0,12 31
47143,8 4,07 0,84 0,85 0,04 414,37 0,12 31
51719,37 4,04 0,85 0,85 0,01 417,98 0,12 31
55380,27 4,07 0,85 0,85 0,04 421,17 0,12 31
59956,67 4,11 0,85 0,88 0,07 426,98 0,12 31
63616,8 4,15 0,92 0,95 0,11 448 0,11 31
67277,6 4,16 0,94 0,95 0,13 452,93 0,11 31
71852,63 4,22 0,95 0,95 0,18 451,69 0,11 31
75513,4 4,25 0,95 0,95 0,21 449,81 0,11 31
80088,33 4,22 0,95 0,99 0,18 448,69 0,11 31
83748,63 4,24 1,03 1,05 0,21 449,14 0,11 31
87409,13 4,26 1,04 1,05 0,23 448,66 0,11 31
91984,87 4,27 1,05 1,05 0,24 448,35 0,11 31
95645,1 4,31 1,05 1,05 0,28 447,78 0,11 31
100220,43 4,33 1,05 1,11 0,29 447,25 0,11 31
103880,73 4,37 1,13 1,15 0,33 447,26 0,11 31
107541,2 4,4 1,14 1,15 0,36 447,1 0,11 31
112117 4,41 1,15 1,15 0,37 447,28 0,11 31
115777,2 4,38 1,15 1,15 0,35 446,53 0,11 31
120352,73 4,36 1,15 1,22 0,33 447,71 0,11 31
124013,17 4,43 1,23 1,25 0,39 445,53 0,11 31
127673,5 4,49 1,25 1,25 0,45 445,87 0,11 31
132249,23 4,45 1,25 1,25 0,41 445,27 0,11 31
135909,43 4,42 1,25 1,25 0,38 445,92 0,11 31
140484,67 4,36 1,26 1,33 0,32 445,09 0,11 31
144145,2 4,42 1,33 1,35 0,39 445,2 0,11 31
147805,77 4,45 1,35 1,35 0,41 445,04 0,11 31
152381,07 4,47 1,35 1,35 0,43 445,28 0,11 31
156041,7 4,47 1,35 1,35 0,44 445,33 0,11 31
160616,93 4,49 1,36 1,45 0,46 444,78 0,11 31
164277,43 4,54 1,43 1,45 0,5 445,17 0,11 31
167938,23 4,53 1,45 1,45 0,49 444,73 0,11 31
172513,03 4,52 1,45 1,45 0,48 445,45 0,11 31
176173,27 4,57 1,45 1,45 0,53 444,12 0,11 31
180749,13 4,6 1,46 1,55 0,56 444,42 0,11 31
184409,57 4,44 1,53 1,55 0,41 443,74 0,11 31
188069,73 4,63 1,55 1,55 0,59 443,54 0,11 31
192645,33 4,56 1,55 1,55 0,53 444,15 0,11 31
196305,6 4,6 1,55 1,55 0,56 444,69 0,11 31
200880,87 4,64 1,57 1,65 0,6 444,11 0,11 31
204541,1 4,45 1,63 1,65 0,41 444,58 0,11 31
208201,63 4,48 1,65 1,65 0,45 443,77 0,11 31
212777 4,78 1,65 1,65 0,75 443,72 0,11 31
216437,43 4,66 1,65 1,65 0,62 443,95 0,11 31
221012,63 4,66 1,67 1,75 0,62 443,22 0,11 31
224673,6 4,81 1,73 1,75 0,77 443,58 0,11 31
228333,67 4,66 1,75 1,75 0,62 443,45 0,11 31
232908,9 4,7 1,75 1,75 0,66 443,51 0,11 31
236569,37 4,64 1,75 1,75 0,6 443,35 0,11 31
241144,8 4,65 1,78 1,85 0,61 443,26 0,11 31
244804,93 4,68 1,84 1,85 0,64 443,07 0,11 31
248465,4 4,69 1,85 1,85 0,66 443,56 0,11 31
253041,2 4,69 1,85 1,85 0,65 443,04 0,11 31
256701,9 4,69 1,85 1,85 0,65 443,26 0,11 31
261277,1 4,68 1,88 1,95 0,64 442,23 0,11 31
264938,07 4,71 1,94 1,95 0,67 442,73 0,11 31
268598,13 4,71 1,95 1,95 0,68 441,96 0,11 31
273173,7 4,72 1,95 1,95 0,68 442,81 0,11 31
276833,27 4,72 1,95 1,95 0,68 442,09 0,11 31
281408,77 4,72 1,98 2,05 0,68 442,98 0,11 31
285069,03 4,74 2,04 2,05 0,71 442,05 0,11 31
288729,63 4,74 2,05 2,05 0,7 442,15 0,11 31
293304,9 4,71 2,05 2,05 0,67 442,79 0,11 31
296965,13 4,66 2,06 2,05 0,62 443,01 0,11 31
301540,7 4,47 2,07 2,15 0,43 443,33 0,11 31
305201,33 4,71 2,13 2,15 0,68 442,31 0,11 31
308861,53 4,81 2,15 2,15 0,77 441,67 0,11 31
313436,83 4,82 2,15 2,15 0,79 442,69 0,11 31
317097,57 4,83 2,15 2,15 0,79 442,15 0,11 31
321673,4 4,84 2,19 2,25 0,8 442,2 0,11 31
325333,53 4,86 2,24 2,25 0,82 441,65 0,11 31
328994,13 4,87 2,25 2,25 0,84 442,48 0,11 31
333569,1 4,88 2,25 2,25 0,84 441,68 0,11 31
337229,23 4,87 2,25 2,25 0,83 442,14 0,11 31
341804,07 4,89 2,29 2,35 0,85 441,36 0,11 31
345464,67 4,91 2,34 2,35 0,88 441,72 0,11 31
349125,13 4,92 2,35 2,35 0,88 442,58 0,11 31
353701,27 4,92 2,35 2,35 0,88 441,52 0,11 31
357361,83 4,91 2,35 2,35 0,87 441,81 0,11 31
361937,4 4,91 2,4 2,45 0,87 442,35 0,11 31
365597,93 4,93 2,44 2,45 0,89 441,61 0,11 31
369258,2 4,94 2,45 2,45 0,9 441,37 0,11 31
373833,4 4,95 2,45 2,45 0,91 442,06 0,11 31
377493,87 4,95 2,45 2,45 0,91 441,18 0,11 31
382069,37 4,96 2,5 2,55 0,93 442,17 0,11 31
385729,4 4,99 2,54 2,55 0,95 441,33 0,11 31
389389,73 4,99 2,55 2,55 0,95 440,86 0,11 31
393964,87 4,99 2,55 2,55 0,96 441,9 0,11 31
397625,6 4,99 2,55 2,55 0,95 440,83 0,11 31
402201 5 2,6 2,65 0,97 441,11 0,11 31
405860,97 5,03 2,64 2,65 0,99 440,82 0,11 31
409521,3 5,03 2,65 2,65 0,99 441,06 0,11 31
414095,73 5,02 2,65 2,65 0,98 441,43 0,11 31
417755,9 5,02 2,65 2,65 0,98 442,07 0,11 31
422330,87 5,02 2,71 2,75 0,98 441,47 0,11 31
425991,17 5,03 2,74 2,75 0,99 441,53 0,11 31
429650,7 5,02 2,75 2,75 0,99 440,24 0,11 31
434225,83 5,01 2,75 2,75 0,98 441,5 0,11 31
437885,4 5,02 2,75 2,75 0,98 440,98 0,11 31
442460,37 5,04 2,81 2,85 1,01 440,17 0,11 31
446120,63 5,08 2,84 2,85 1,05 440,98 0,11 31
449781,07 5,09 2,85 2,85 1,05 441 0,11 31
454356,53 5,1 2,85 2,85 1,06 440,76 0,11 31
458016,43 5,1 2,85 2,85 1,06 440,94 0,11 31
462591,87 5,12 2,91 2,95 1,09 440,8 0,11 31
466251,93 5,14 2,94 2,95 1,11 440,09 0,11 31
469912,07 5,15 2,95 2,95 1,11 440,59 0,11 31
474485,97 5,15 2,95 2,95 1,11 440,93 0,11 31
478146,13 5,15 2,95 2,95 1,11 440,75 0,11 31
482721,03 5,14 3,01 3,05 1,1 440,02 0,11 31
486381,3 5,17 3,04 3,05 1,13 440,73 0,11 31
490041,57 5,17 3,05 3,05 1,13 440,45 0,11 31
494617,03 5,19 3,05 3,05 1,15 440,45 0,11 31
498277,27 5,2 3,05 3,05 1,16 440,58 0,11 31
502852,93 5,21 3,11 3,15 1,17 439,46 0,11 31
506513,13 5,23 3,14 3,15 1,2 440,25 0,11 31
510173,27 5,23 3,15 3,15 1,19 441,04 0,11 31
514748,33 5,23 3,15 3,15 1,2 441,05 0,11 31
518408,9 5,23 3,15 3,15 1,2 440,59 0,11 31
522984,1 5,25 3,22 3,25 1,21 440,82 0,11 31
526644,23 5,27 3,24 3,25 1,23 440,1 0,11 31
530304,57 5,27 3,25 3,25 1,23 440,53 0,11 31
534879,53 5,27 3,25 3,25 1,23 440,61 0,11 31
538539,37 5,26 3,25 3,25 1,23 440,2 0,11 31
543114,7 5,28 3,32 3,35 1,24 440,48 0,11 31
546773,5 5,28 3,34 3,35 1,25 440,62 0,11 31
550433,27 5,29 3,35 3,35 1,25 440,64 0,11 31
555007,97 5,29 3,35 3,35 1,25 440,9 0,11 31
558667,13 5,28 3,35 3,35 1,25 440,07 0,11 31
563241,37 5,31 3,42 3,45 1,27 439,95 0,11 31
566901,67 5,32 3,44 3,45 1,29 440,48 0,11 31
570561,07 5,33 3,45 3,45 1,29 440,58 0,11 31
575136,23 5,33 3,45 3,45 1,3 440,99 0,11 31
578795,73 5,33 3,45 3,45 1,29 440,31 0,11 31
583370,13 5,35 3,52 3,55 1,32 440,39 0,11 31
587029,77 5,38 3,54 3,55 1,34 440,89 0,11 31
590689,73 5,38 3,55 3,55 1,35 439,94 0,11 31
595264,17 5,39 3,55 3,55 1,35 439,93 0,11 31
598924,27 5,38 3,55 3,55 1,34 439,97 0,11 31
603498,47 5,42 3,62 3,65 1,38 439,72 0,11 31
607159,27 5,44 3,64 3,65 1,4 439,7 0,11 31
610819,53 5,44 3,65 3,65 1,4 439,45 0,11 31
615395,1 5,43 3,65 3,65 1,39 439,54 0,11 31
619055,27 5,43 3,65 3,65 1,39 439,47 0,11 31
623630,77 5,45 3,72 3,75 1,42 440,42 0,11 31
627291,57 5,47 3,74 3,75 1,43 439,66 0,11 31
630951,93 5,46 3,75 3,75 1,42 439,11 0,11 31
635527,7 5,46 3,75 3,75 1,42 439,56 0,11 31
639188,2 5,46 3,75 3,75 1,43 439,76 0,11 31
643763,77 5,47 3,83 3,85 1,44 440,36 0,11 31
647424,4 5,49 3,84 3,85 1,45 439,35 0,11 31
651084,87 5,48 3,85 3,85 1,44 440,4 0,11 31
655660,47 5,48 3,85 3,85 1,44 439,19 0,11 31
659321,07 5,49 3,85 3,85 1,46 439,95 0,11 31
663896,37 5,51 3,87 3,85 1,47 439,01 0,11 31
667556,93 5,49 3,85 3,85 1,46 439,42 0,11 31
671217,17 5,48 3,85 3,85 1,44 439,71 0,11 31
675792,37 5,48 3,85 3,85 1,45 439,17 0,11 31
679453,17 5,49 3,85 3,85 1,46 439,42 0,11 31
684028,5 5,48 3,79 3,75 1,44 439,37 0,11 31
687689,37 5,46 3,76 3,75 1,42 439,34 0,11 31
691349,73 5,45 3,75 3,75 1,42 439,23 0,11 31
695925,43 5,46 3,75 3,75 1,42 439,22 0,11 31
699586,17 5,46 3,75 3,75 1,42 438,77 0,11 31
704161,6 5,45 3,69 3,65 1,41 438,99 0,11 31
707821,63 5,42 3,66 3,65 1,39 440,12 0,11 31
711481,8 5,43 3,65 3,65 1,39 439,18 0,11 31
716057,27 5,43 3,65 3,65 1,39 440,16 0,11 31
719717,4 5,42 3,65 3,65 1,38 439,7 0,11 31
724292,3 5,42 3,59 3,55 1,38 440,35 0,11 31
727952,3 5,38 3,56 3,55 1,34 439,17 0,11 31
731612,13 5,37 3,55 3,55 1,34 438,9 0,11 31
736186,73 5,38 3,55 3,55 1,34 439,91 0,11 31
739846,03 5,37 3,55 3,55 1,34 439,69 0,11 31
744420,93 5,37 3,49 3,45 1,33 440,12 0,11 31
748080,37 5,33 3,46 3,45 1,3 439,75 0,11 31
751740,27 5,33 3,45 3,45 1,29 439,44 0,11 31
756314,67 5,34 3,45 3,45 1,3 439,86 0,11 31
759974,3 5,34 3,45 3,45 1,3 439,8 0,11 31
764548,87 5,32 3,39 3,35 1,29 438,99 0,11 31
768208,73 5,32 3,36 3,35 1,29 439,39 0,11 31
771867,9 5,3 3,35 3,35 1,26 438,76 0,11 31
776443 5,31 3,35 3,35 1,27 439,4 0,11 31
780103 5,31 3,35 3,35 1,27 440,12 0,11 31
784677,77 5,29 3,28 3,25 1,25 438,56 0,11 31
788337,13 5,27 3,26 3,25 1,23 439,6 0,11 31
791997,43 5,26 3,25 3,25 1,22 439,55 0,11 31
796572,2 5,26 3,25 3,25 1,22 439,16 0,11 31
800232,2 5,25 3,25 3,25 1,21 439,68 0,11 31
804807,47 5,25 3,18 3,15 1,21 439,61 0,11 31
808467,17 5,28 3,16 3,15 1,24 439,79 0,11 31
812127,4 5,27 3,15 3,15 1,23 439,84 0,11 31
816702,53 5,2 3,15 3,15 1,16 439,86 0,11 31
820362,63 5,23 3,15 3,15 1,19 439,49 0,11 31
824022,8 5,22 3,1 3,05 1,19 439,95 0,11 31
828598,07 5,17 3,06 3,05 1,14 440,03 0,11 31
832258,07 5,23 3,05 3,05 1,2 439,78 0,11 31
836834 5,2 3,05 3,05 1,16 439,84 0,11 31
840494,03 5,21 3,05 3,05 1,17 439,35 0,11 31
844154,3 5,21 2,99 2,95 1,17 439,74 0,11 31
848729,7 5,18 2,96 2,95 1,15 440,75 0,11 31
852389,5 5,14 2,95 2,95 1,11 439,84 0,11 31
856964,83 5,15 2,95 2,95 1,11 439,54 0,11 31
860624,43 5,14 2,95 2,95 1,1 440,26 0,11 31
864284,4 5,13 2,89 2,85 1,09 440,18 0,11 31
868859,93 5,09 2,86 2,85 1,06 440,27 0,11 31
872519,87 5,08 2,85 2,85 1,05 439,77 0,11 31
877094,97 5,08 2,85 2,85 1,05 440,71 0,11 31
880755,07 5,34 2,85 2,85 1,3 440,51 0,11 31
884415,2 4,96 2,79 2,75 0,93 439,86 0,11 31
888990,53 4,99 2,75 2,75 0,95 440,26 0,11 31
892650,37 4,99 2,75 2,75 0,95 439,54 0,11 31
897226,13 4,97 2,75 2,75 0,93 441 0,11 31
900885,93 5,01 2,75 2,75 0,97 440,31 0,11 31
904546,13 5,28 2,69 2,65 1,24 440,19 0,11 31
909121,57 5,06 2,65 2,65 1,02 440,58 0,11 31
912781,63 5,02 2,65 2,65 0,99 440,25 0,11 31
917357,07 4,96 2,65 2,65 0,92 440,63 0,11 31
921017,33 5,02 2,65 2,65 0,99 440,68 0,11 31
924677,43 5,05 2,58 2,55 1,01 440,39 0,11 31
929252,73 4,99 2,55 2,55 0,96 440,24 0,11 31
932913,03 4,98 2,55 2,55 0,95 441,2 0,11 31
937488,67 4,99 2,55 2,55 0,95 440,94 0,11 31
941148,57 4,99 2,55 2,55 0,95 440,89 0,11 31
944808,83 4,98 2,48 2,45 0,94 440,59 0,11 31
949384,33 4,96 2,45 2,45 0,92 440,74 0,11 31
953044,57 4,93 2,45 2,45 0,89 439,98 0,11 31
957620,07 4,99 2,45 2,45 0,96 440,35 0,11 31
961280,67 4,95 2,45 2,45 0,92 440,51 0,11 31
964941 4,92 2,38 2,35 0,88 440,49 0,11 31
969516,3 4,9 2,35 2,35 0,86 440,64 0,11 31
973176,7 4,89 2,35 2,35 0,85 440,58 0,11 31
977752,03 4,9 2,35 2,35 0,86 441,04 0,11 31
981412,4 4,9 2,35 2,35 0,86 441,17 0,11 31
985072,73 4,88 2,28 2,25 0,85 441,34 0,11 31
989647,67 4,87 2,25 2,25 0,84 441,11 0,11 31
993307,83 4,88 2,25 2,25 0,84 440,89 0,11 31
997883,5 4,87 2,25 2,25 0,83 441,05 0,11 31
1001543,8 4,85 2,25 2,25 0,82 441,43 0,11 31
1005203,93 4,91 2,18 2,15 0,87 441,8 0,11 31
1009779,4 4,84 2,15 2,15 0,8 441,83 0,11 31
1013439,67 4,84 2,15 2,15 0,8 441,4 0,11 31
1018015,3 4,85 2,15 2,15 0,81 441,17 0,11 31
1021675,23 4,82 2,15 2,15 0,78 440,85 0,11 31
1025336,1 4,86 2,08 2,05 0,82 441,56 0,11 31
1029911,5 4,8 2,05 2,05 0,76 441,46 0,11 31
1033571,83 4,81 2,05 2,05 0,78 441,37 0,11 31
1038147,57 4,79 2,05 2,05 0,75 441,13 0,11 31
1041807,67 4,79 2,05 2,04 0,75 441,44 0,11 31
1045467,8 4,76 1,98 1,95 0,72 441,9 0,11 31
1050042,93 4,75 1,95 1,95 0,71 441,1 0,11 31
1053703,07 4,75 1,95 1,95 0,71 441,8 0,11 31
1058278,5 4,74 1,95 1,95 0,7 441,11 0,11 31
1061938,4 4,74 1,95 1,93 0,71 441,08 0,11 31
1065598,77 4,72 1,87 1,85 0,69 441,37 0,11 31
1070173,9 4,69 1,85 1,85 0,65 441,79 0,11 31
1073834,3 4,64 1,85 1,85 0,6 442,13 0,11 31
1078409,67 4,65 1,85 1,85 0,62 442,46 0,11 31
1082069,63 4,86 1,85 1,81 0,82 442,41 0,11 31
1085730,37 4,63 1,77 1,75 0,59 442,79 0,11 31
1090305,67 4,49 1,75 1,75 0,45 442,21 0,11 31
1093965,57 4,62 1,75 1,75 0,58 442,81 0,11 31
1098540,9 4,66 1,75 1,75 0,63 442,66 0,11 31
1102201,73 4,66 1,75 1,7 0,62 441,93 0,11 31
1105862,03 4,64 1,67 1,65 0,6 442,29 0,11 31
1110437,07 4,62 1,65 1,65 0,58 441,81 0,11 31
1114097,3 4,63 1,65 1,65 0,59 442,32 0,11 31
1118673,13 4,63 1,65 1,65 0,6 442,08 0,11 31
1122333,3 4,63 1,65 1,59 0,59 442,25 0,11 31
1125993,43 4,61 1,57 1,55 0,57 442,54 0,11 31
1130568,9 4,58 1,55 1,55 0,54 442,83 0,11 31
1134229,67 4,59 1,55 1,55 0,55 443,19 0,11 31
1138804,53 4,59 1,55 1,55 0,55 442,38 0,11 31
1142464,97 4,82 1,54 1,47 0,79 442,83 0,11 31
1146125,67 4,57 1,47 1,45 0,53 443,1 0,11 31
1150700,73 4,6 1,45 1,45 0,56 443 0,11 31
1154361,43 4,54 1,45 1,45 0,5 443,77 0,11 31
1158936,7 4,55 1,45 1,45 0,52 443,11 0,11 31
1162596,7 4,55 1,44 1,36 0,51 443,16 0,11 31
1166257,37 4,54 1,37 1,35 0,5 444,13 0,11 31
1170832,63 4,51 1,35 1,35 0,48 443,7 0,11 31
1174493,17 4,5 1,35 1,35 0,46 443,18 0,11 31
1179068,57 4,5 1,35 1,35 0,47 444,01 0,11 31
1182728,6 4,5 1,34 1,25 0,46 443,59 0,11 31
1186388,97 4,48 1,27 1,25 0,45 444,44 0,11 31
1190964,3 4,46 1,25 1,25 0,43 444,38 0,11 31
1194624,77 4,46 1,25 1,25 0,43 443,44 0,11 31
1199200,7 4,46 1,25 1,25 0,43 443,54 0,11 31
1202861 4,46 1,23 1,15 0,43 444,56 0,11 31
1206521,23 4,44 1,17 1,15 0,41 446,25 0,11 31
1211096,57 4,42 1,15 1,15 0,38 443,29 0,11 31
1214756,93 4,43 1,15 1,15 0,39 444,87 0,11 31
1219332,4 4,4 1,15 1,15 0,37 444,81 0,11 31
1222992,63 4,42 1,13 1,05 0,38 444,56 0,11 31
1226653,37 4,39 1,07 1,05 0,35 445,66 0,11 31
1231229,03 4,38 1,05 1,05 0,34 444,94 0,11 31
1234889,33 4,38 1,05 1,05 0,34 444,96 0,11 31
1239465,03 4,38 1,05 1,05 0,35 445,62 0,11 31
1243125,3 4,41 1,03 0,95 0,37 445,58 0,11 31
1246785,7 4,35 0,96 0,95 0,32 444,7 0,11 31
1251360,77 4,35 0,95 0,95 0,31 445,88 0,11 31
1255021,67 4,33 0,95 0,95 0,3 445,95 0,11 31
1259597,03 4,36 0,95 0,95 0,33 446,1 0,11 31
1263257,3 4,34 0,92 0,85 0,31 446,28 0,11 31
1266917,57 4,35 0,86 0,85 0,31 446,32 0,11 31
1271493 4,31 0,85 0,85 0,27 446,93 0,11 31
1275153,57 4,35 0,85 0,85 0,31 446,32 0,11 31
1279728,9 4,31 0,85 0,85 0,28 446,63 0,11 31
1283389,63 4,28 0,1 0,75 0,25 448,37 0,11 31
11,1 4,01 8,3 0,08 -0,01 327,42 0,06 31 NaN NaN
23 3,96 8,3 0,08 -0,06 328,96 0,06 31 NaN NaN
35 3,99 8,3 0,08 -0,02 325,91 0,06 31 NaN NaN
46,87 3,99 8,3 0,08 -0,02 326,71 0,06 31 NaN NaN
59,67 3,99 8,3 0,07 -0,03 321,06 0,06 31 NaN NaN
71,53 4,05 8,3 0,75 0,04 392,31 0,06 31 0,03 NaN
83,43 4,18 8,3 0,76 0,17 381,1 0,06 31 0,07 NaN
95,33 4,2 8,3 0,76 0,18 379,58 0,06 31 0,07 NaN
107,2 4,22 8,3 0,76 0,21 375,25 0,06 31 0,07 NaN
119,1 4,23 8,3 0,76 0,22 376,74 0,06 31 0,07 NaN
131 4,28 8,3 0,86 0,26 378,66 0,06 31 0,08 NaN
142,97 4,29 8,3 0,86 0,28 377,21 0,06 31 0,08 NaN
155,77 4,28 8,3 0,86 0,27 375,33 0,06 31 0,08 NaN
167,63 4,29 8,3 0,86 0,27 374,03 0,06 31 0,08 NaN
179,53 4,28 8,3 0,86 0,27 378,27 0,06 31 0,08 NaN
191,43 4,34 8,3 0,96 0,33 375,28 0,06 31 0,09 NaN
203,3 4,32 8,3 0,96 0,3 377,97 0,06 31 0,08 NaN
215,2 4,34 8,3 0,96 0,32 373,98 0,06 31 0,09 NaN
227,07 4,34 8,3 0,96 0,33 378,11 0,06 31 0,08 NaN
239,97 4,35 8,3 0,96 0,34 375,81 0,06 31 0,09 NaN
251,87 4,38 8,3 1,06 0,36 376,09 0,06 31 0,09 NaN
263,73 4,41 8,3 1,06 0,4 374,54 0,06 31 0,09 NaN
275,63 4,4 8,3 1,06 0,39 374,95 0,06 31 0,09 NaN
287,53 4,38 8,3 1,06 0,37 378,7 0,06 31 0,09 NaN
299,4 4,37 8,3 1,06 0,36 376,49 0,06 31 0,09 NaN
311,3 4,43 8,3 1,16 0,42 372,95 0,06 31 0,09 NaN
323,2 4,41 8,3 1,16 0,4 372,98 0,06 31 0,09 NaN
336 4,42 8,3 1,16 0,41 376,47 0,06 31 0,09 NaN
347,97 4,41 8,3 1,16 0,4 372,57 0,06 31 0,09 NaN
359,83 4,44 8,3 1,16 0,43 378,15 0,06 31 0,09 NaN
371,73 4,47 8,3 1,26 0,46 374,5 0,06 31 0,09 NaN
383,63 4,45 8,3 1,26 0,43 379,21 0,06 31 0,09 NaN
395,5 4,47 8,3 1,26 0,46 375,63 0,06 31 0,09 NaN
407,4 4,41 8,3 1,27 0,4 375,39 0,06 31 0,09 NaN
420,2 4,4 8,3 1,26 0,38 374,52 0,06 31 0,09 NaN
432,07 4,51 8,3 1,36 0,5 375,39 0,06 31 0,09 NaN
444 4,47 8,3 1,36 0,45 375,13 0,06 31 0,09 NaN
455,93 4,48 8,3 1,36 0,46 372,98 0,06 31 0,09 NaN
467,83 4,5 8,3 1,36 0,48 374,7 0,06 31 0,09 NaN
479,73 4,49 8,3 1,36 0,48 373,42 0,06 31 0,09 NaN
491,6 4,5 8,3 1,46 0,49 374,31 0,06 31 0,09 NaN
503,5 4,53 8,3 1,46 0,52 376,89 0,06 31 0,09 NaN
516,3 4,53 8,3 1,46 0,51 374,13 0,06 31 0,09 NaN
528,17 4,56 8,3 1,46 0,54 374,06 0,06 31 0,09 NaN
540,07 4,56 8,3 1,46 0,54 378,27 0,06 31 0,09 NaN
552 4,56 8,3 1,56 0,55 375,67 0,06 31 0,09 NaN
563,93 4,58 8,3 1,56 0,57 377,95 0,06 31 0,09 NaN
575,83 4,57 8,3 1,56 0,56 370,23 0,06 31 0,09 NaN
587,7 4,59 8,3 1,56 0,57 379,75 0,06 31 0,09 NaN
600,5 4,59 8,3 1,57 0,57 368,46 0,06 31 0,09 NaN
612,4 4,64 8,3 1,66 0,63 377,95 0,06 31 0,09 NaN
624,27 4,6 8,3 1,66 0,59 374,81 0,06 31 0,09 NaN
636,17 4,6 8,3 1,66 0,59 371,27 0,06 31 0,09 NaN
648,07 4,64 8,3 1,66 0,63 373,13 0,06 31 0,09 NaN
660 4,64 8,3 1,66 0,63 375,08 0,06 31 0,09 NaN
671,93 4,63 8,3 1,66 0,62 369,06 0,06 31 0,09 NaN
683,8 4,62 8,3 1,66 0,6 373,73 0,06 31 0,09 NaN
696,6 4,65 8,3 1,66 0,64 368,77 0,06 31 0,09 NaN
708,5 4,65 8,3 1,66 0,63 371,24 0,06 31 0,09 NaN
720,37 4,59 8,3 1,66 0,57 373,18 0,06 31 0,09 NaN
732,27 4,59 8,3 1,56 0,58 377,25 0,06 31 0,09 NaN
744,17 4,61 8,3 1,56 0,6 376,5 0,06 31 0,09 NaN
756,03 4,59 8,3 1,56 0,58 373,17 0,06 31 0,09 NaN
768 4,6 8,3 1,56 0,59 372,62 0,06 31 0,09 NaN
780,83 4,65 8,3 1,56 0,63 371,98 0,06 31 0,09 NaN
792,7 4,55 8,3 1,46 0,54 371,99 0,06 31 0,09 NaN
804,6 4,52 8,3 1,46 0,51 373,22 0,06 31 0,09 NaN
816,47 4,59 8,3 1,46 0,57 370,5 0,06 31 0,09 NaN
828,37 4,55 8,3 1,46 0,54 372,95 0,06 31 0,1 NaN
840,27 4,54 8,3 1,46 0,52 374,04 0,06 31 0,09 NaN
852,13 4,5 8,3 1,36 0,48 376,38 0,06 31 0,09 NaN
864,03 4,48 8,3 1,36 0,47 375,78 0,06 31 0,09 NaN
876,9 4,46 8,3 1,36 0,45 369,4 0,06 31 0,09 NaN
888,8 4,52 8,3 1,36 0,51 376,78 0,06 31 0,09 NaN
900,7 4,51 8,3 1,36 0,5 372,6 0,06 31 0,09 NaN
912,57 4,48 8,3 1,26 0,47 372,47 0,06 31 0,09 NaN
924,47 4,46 8,3 1,26 0,45 370,93 0,06 31 0,09 NaN
936,37 4,45 8,3 1,26 0,44 375,16 0,06 31 0,09 NaN
948,23 4,44 8,3 1,26 0,43 372,42 0,06 31 0,09 NaN
961,03 4,46 8,3 1,26 0,45 373,96 0,06 31 0,09 NaN
973 4,44 8,3 1,16 0,43 370,88 0,06 31 0,09 NaN
984,9 4,43 8,3 1,16 0,42 378,41 0,06 31 0,09 NaN
996,8 4,45 8,3 1,16 0,44 367,14 0,06 31 0,09 NaN
1008,67 4,37 8,3 1,16 0,36 369,65 0,06 31 0,09 NaN
1020,57 4,43 8,3 1,16 0,42 373,45 0,06 31 0,09 NaN
1032,47 4,38 8,3 1,06 0,36 377,06 0,06 31 0,09 NaN
1044,33 4,38 8,3 1,06 0,36 384,17 0,06 31 0,09 NaN
1057,13 4,39 8,3 1,06 0,38 373,69 0,06 31 0,09 NaN
1069,03 4,41 8,3 1,06 0,4 374,36 0,06 31 0,09 NaN
1081 4,41 8,3 1,06 0,4 370,14 0,06 31 0,09 NaN
1092,9 4,34 8,3 0,96 0,32 377,89 0,06 31 0,09 NaN
1104,8 4,31 8,3 0,96 0,3 376,14 0,06 31 0,08 NaN
1116,67 4,35 8,3 0,96 0,34 376,5 0,06 31 0,09 NaN
1128,57 4,35 8,3 0,96 0,34 372,31 0,06 31 0,09 NaN
1141,37 4,35 8,3 0,96 0,34 369,02 0,06 31 0,09 NaN
1153,23 4,33 8,3 0,86 0,31 369,62 0,06 31 0,09 NaN
1165,13 4,31 8,3 0,86 0,3 375,1 0,06 31 0,08 NaN
1177,03 4,31 8,3 0,86 0,29 373,57 0,06 31 0,08 NaN
1189 4,3 8,3 0,86 0,29 367,74 0,06 31 0,08 NaN
1200,87 4,3 8,3 0,86 0,29 376,47 0,06 31 0,08 NaN
1212,77 4,28 8,3 0,76 0,26 380,78 0,06 31 0,08 NaN
1224,67 4,29 8,3 0,76 0,28 368,1 0,06 31 0,08 NaN
1237,47 4,27 8,3 0,76 0,25 372,8 0,06 31 0,08 NaN
1249,33 4,24 8,3 0,76 0,23 371,08 0,06 31 0,08 NaN
1261,23 4,28 8,3 0,76 0,26 372,81 0,06 31 0,08 NaN
1273,1 3,99 8,3 0,07 -0,02 338,92 0,06 31 NaN NaN
1285 3,98 8,3 0,07 -0,03 332 0,06 31 NaN NaN
1296,97 4 8,3 0,07 -0,02 329,61 0,06 31 NaN NaN
1308,87 3,95 8,3 0,07 -0,07 328,24 0,06 31 NaN NaN
1321,67 4 8,3 0,07 -0,02 335,55 0,06 31 NaN NaN
1333,53 3,92 8,3 0,07 -0,09 331,41 0,06 31 NaN NaN
1345,43 4,02 8,3 0,07 0,01 334,65 0,06 31 0,01 NaN
1357,33 4,02 8,3 0,07 0,01 334,89 0,06 31 NaN NaN
1369,2 4 8,3 0,07 -0,01 334,54 0,06 31 0,01 NaN
1381,1 4,03 8,3 0,07 0,02 332,58 0,06 31 0,04 NaN
1393 3,98 8,31 0,07 -0,04 331,12 0,06 31 NaN NaN
1404,97 4,02 8,3 0,07 0,01 328,6 0,06 31 0,01 NaN
1417,73 3,98 8,3 0,07 -0,04 326,67 0,06 31 NaN NaN
1429,63 3,99 8,3 0,07 -0,02 328,83 0,06 31 NaN NaN
1441,53 3,99 8,3 0,07 -0,02 326,87 0,06 31 NaN NaN
2942,43 3,96 0,75 0,77 -0,01 385,38 0,18 31
7518,8 3,96 0,75 0,77 -0,01 383,21 0,18 31
11180,87 3,96 0,76 0,77 -0,01 383,55 0,18 31
14841,97 3,95 0,76 0,77 -0,02 384,04 0,18 31
19419 3,97 0,77 0,77 0 385,19 0,18 31
23080,43 3,97 0,84 0,87 0,01 387,12 0,18 31
27657,13 3,97 0,86 0,87 0 390,53 0,18 31
31318,77 3,98 0,87 0,87 0,01 446,09 0,16 31
34979,1 3,98 0,87 0,87 0,02 448,82 0,16 31
39555,67 3,99 0,87 0,87 0,02 453,13 0,16 31
43216,7 4,01 0,94 0,97 0,04 459,26 0,15 31
47793,17 4,03 0,97 0,97 0,06 473,02 0,15 31
51454,97 4,05 0,97 0,97 0,08 478,76 0,15 31
55115,73 4,09 0,97 0,97 0,12 477,86 0,15 31
59692,6 4,12 0,97 0,97 0,15 477,44 0,15 31
63354,73 4,15 1,04 1,07 0,18 477,44 0,15 31
67932,3 4,18 1,07 1,07 0,21 477,12 0,15 31
71593,8 4,2 1,07 1,07 0,23 476,46 0,15 31
75255,7 4,21 1,07 1,07 0,24 476,57 0,15 31
79832,47 4,21 1,07 1,08 0,25 476,35 0,15 31
83494,17 4,24 1,14 1,17 0,28 475,81 0,15 31
88071,93 4,27 1,17 1,17 0,3 475,58 0,15 31
91733,9 4,27 1,17 1,17 0,3 475,81 0,15 31
95396,03 4,28 1,17 1,17 0,31 475,05 0,15 31
99973,6 4,29 1,17 1,19 0,32 475,69 0,15 31
103635,37 4,32 1,25 1,27 0,35 474,62 0,15 31
108212,97 4,34 1,27 1,27 0,38 475,06 0,15 31
111874,77 4,34 1,27 1,27 0,37 475,51 0,15 31
115536,77 4,35 1,27 1,27 0,38 474,95 0,15 31
120114,67 4,35 1,27 1,31 0,38 474,96 0,15 31
123776,57 4,37 1,35 1,37 0,41 474,63 0,15 31
128354,53 4,4 1,37 1,37 0,44 474,51 0,15 31
132016,87 4,41 1,37 1,37 0,44 474,3 0,15 31
135679,17 4,42 1,37 1,37 0,45 474,29 0,15 31
140256,83 4,42 1,37 1,42 0,45 474,42 0,15 31
143919,13 4,44 1,45 1,47 0,47 474,2 0,15 31
148496,9 4,45 1,47 1,47 0,48 474,54 0,15 31
152158,83 4,46 1,47 1,47 0,49 474,42 0,15 31
155821,23 4,47 1,47 1,47 0,5 474,54 0,15 31
160398,87 4,46 1,47 1,53 0,49 473,98 0,15 31
164060,93 4,49 1,55 1,57 0,53 473,86 0,15 31
168638,6 4,51 1,57 1,57 0,55 474,21 0,15 31
172300,83 4,51 1,57 1,57 0,54 474,42 0,15 31
175963 4,51 1,57 1,57 0,54 473,98 0,15 31
180540,77 4,5 1,58 1,65 0,54 473,98 0,15 31
184203,07 4,53 1,65 1,67 0,57 474,1 0,15 31
188780,47 4,56 1,67 1,67 0,6 473,76 0,15 31
192442,43 4,56 1,67 1,67 0,59 473,54 0,15 31
196104,57 4,56 1,67 1,67 0,59 473,77 0,15 31
200682,43 4,56 1,68 1,76 0,59 473,99 0,15 31
204344,87 4,57 1,75 1,77 0,61 474,33 0,15 31
208922,1 4,6 1,77 1,77 0,63 473,44 0,15 31
212584,4 4,61 1,77 1,77 0,64 473,66 0,15 31
216246,37 4,66 1,77 1,77 0,7 473,34 0,15 31
220824,3 4,51 1,78 1,87 0,54 474,21 0,15 31
224486,07 4,68 1,85 1,87 0,71 474 0,15 31
229063,47 4,67 1,87 1,87 0,7 472,89 0,15 31
232725,33 4,66 1,87 1,87 0,69 473,34 0,15 31
236387,73 4,66 1,87 1,87 0,69 473,67 0,15 31
240964,73 4,65 1,89 1,97 0,68 473,89 0,15 31
244626,67 4,65 1,95 1,97 0,68 474,11 0,15 31
249204,47 4,66 1,97 1,97 0,69 473,45 0,15 31
252866,7 4,66 1,97 1,97 0,7 473,89 0,15 31
256528,47 4,66 1,97 1,97 0,7 474,01 0,15 31
261106 4,65 1,99 2,07 0,68 473,22 0,15 31
264767,67 4,67 2,05 2,07 0,7 473,03 0,15 31
269345,5 4,66 2,07 2,07 0,7 473,89 0,15 31
273007,63 4,65 2,07 2,07 0,68 473,47 0,15 31
276669,67 4,59 2,07 2,07 0,62 472,89 0,15 31
281246,9 4,59 2,09 2,17 0,62 473,02 0,15 31
284908,63 4,63 2,15 2,17 0,66 472,9 0,15 31
289486,4 4,68 2,17 2,17 0,71 473,35 0,15 31
293148,9 4,68 2,17 2,17 0,72 473,58 0,15 31
296810,5 4,71 2,17 2,17 0,74 472,49 0,15 31
301387,83 4,73 2,2 2,27 0,76 472,27 0,15 31
305049,23 4,77 2,26 2,27 0,81 472,7 0,15 31
309626,87 4,8 2,27 2,27 0,84 472,58 0,15 31
313289,07 4,8 2,27 2,27 0,83 472,93 0,15 31
316951,17 4,8 2,27 2,27 0,83 472,6 0,15 31
321528,5 4,8 2,3 2,37 0,83 472,04 0,15 31
325190,6 4,84 2,36 2,37 0,87 472,18 0,15 31
329767,77 4,86 2,37 2,37 0,9 472,05 0,15 31
333429,33 4,86 2,37 2,37 0,9 471,41 0,15 31
337091,37 4,85 2,37 2,37 0,89 471,63 0,15 31
341668,73 4,85 2,41 2,47 0,88 472,18 0,15 31
345330,4 4,88 2,46 2,47 0,92 472,51 0,15 31
349907 4,89 2,47 2,47 0,92 471,97 0,15 31
353568,97 4,89 2,47 2,47 0,92 471,53 0,15 31
357230,3 4,88 2,47 2,47 0,91 471,32 0,15 31
361807,67 4,89 2,51 2,57 0,92 471,42 0,15 31
365469,8 4,91 2,56 2,57 0,95 471,64 0,15 31
370047,07 4,92 2,57 2,57 0,95 472,28 0,15 31
373708,93 4,91 2,57 2,57 0,94 472,18 0,15 31
377370,97 4,91 2,57 2,57 0,94 471,09 0,15 31
381948,43 4,91 2,61 2,67 0,95 471,44 0,15 31
385610,73 4,94 2,66 2,67 0,97 471,55 0,15 31
390187,8 4,96 2,67 2,67 1 472,1 0,15 31
393849,97 4,97 2,67 2,67 1 471,23 0,15 31
397511,83 4,98 2,67 2,67 1,01 471,66 0,15 31
402089,27 4,98 2,72 2,77 1,01 470,25 0,15 31
405750,83 5,01 2,76 2,77 1,04 470,91 0,15 31
410327,7 5,02 2,77 2,77 1,05 471,45 0,15 31
413989,23 5,02 2,77 2,77 1,06 470,91 0,15 31
417650,63 5,02 2,77 2,77 1,05 470,9 0,15 31
422227,4 5,03 2,82 2,87 1,06 470,99 0,15 31
425889,3 5,05 2,86 2,87 1,08 470,46 0,15 31
430466,67 5,05 2,87 2,87 1,09 470,91 0,15 31
434129,1 5,05 2,87 2,87 1,08 470,47 0,15 31
437790,97 5,05 2,87 2,87 1,08 470,5 0,15 31
442368,3 5,06 2,92 2,97 1,09 469,83 0,15 31
446029,93 5,08 2,96 2,97 1,12 470,17 0,15 31
450607,57 5,09 2,97 2,97 1,12 470,05 0,15 31
454268,87 5,08 2,97 2,97 1,11 470,27 0,15 31
457931,17 5,08 2,97 2,97 1,12 469,83 0,15 31
462508,2 5,09 3,02 3,07 1,12 470,58 0,15 31
466170 5,11 3,06 3,07 1,14 469,94 0,15 31
470747,23 5,12 3,07 3,07 1,15 470,17 0,15 31
474409,17 5,13 3,07 3,07 1,16 469,73 0,15 31
478070,9 5,13 3,07 3,07 1,17 470,28 0,15 31
482647,47 5,14 3,13 3,17 1,18 470,39 0,15 31
486309,33 5,16 3,16 3,17 1,19 470,14 0,15 31
490886,27 5,17 3,17 3,17 1,2 470,06 0,15 31
494548,07 5,17 3,17 3,17 1,2 470,17 0,15 31
498209,77 5,17 3,17 3,14 1,2 470,38 0,15 31
502786,27 5,15 3,09 3,07 1,18 469,84 0,15 31
506448,53 5,15 3,07 3,07 1,18 470,07 0,15 31
511025,17 5,14 3,07 3,07 1,17 470,83 0,15 31
514686,97 5,13 3,07 3,07 1,16 470,07 0,15 31
518348,73 5,12 3,07 3,03 1,15 470,5 0,15 31
522925,53 5,1 2,98 2,97 1,13 470,38 0,15 31
526587,83 5,09 2,97 2,97 1,12 470,15 0,15 31
531165,27 5,09 2,97 2,97 1,12 469,93 0,15 31
534826,93 5,09 2,97 2,97 1,12 470,16 0,15 31
538488,4 5,08 2,97 2,91 1,11 470,71 0,15 31
543065,63 5,05 2,88 2,87 1,08 470,8 0,15 31
546727,67 5,05 2,87 2,87 1,08 469,6 0,15 31
551305,1 5,05 2,87 2,87 1,08 470,38 0,15 31
554967,1 5,05 2,87 2,87 1,09 470,35 0,15 31
558628,87 5,06 2,87 2,8 1,09 470,29 0,15 31
563206,03 5,02 2,78 2,77 1,06 471,01 0,15 31
566868,03 5,02 2,77 2,77 1,05 470,91 0,15 31
571444,8 5,03 2,77 2,77 1,06 471,23 0,15 31
575106,07 5,03 2,77 2,77 1,06 471,23 0,15 31
578767,47 5,03 2,76 2,69 1,06 471,12 0,15 31
583344,57 5 2,68 2,67 1,03 471,25 0,15 31
587006,73 4,98 2,67 2,67 1,01 471,24 0,15 31
591584,43 4,99 2,67 2,67 1,02 471,02 0,15 31
595246,33 4,98 2,67 2,67 1,02 471,55 0,15 31
598907,9 4,99 2,66 2,57 1,02 471,76 0,15 31
603485,4 4,95 2,58 2,57 0,98 471,22 0,15 31
607147,7 4,94 2,57 2,57 0,97 471,43 0,15 31
611724,67 4,95 2,57 2,57 0,98 471,11 0,15 31
615386,83 4,94 2,57 2,57 0,97 471,64 0,15 31
619049,27 4,93 2,56 2,47 0,97 471,01 0,15 31
623626,13 4,9 2,48 2,47 0,93 471,62 0,15 31
627287,73 4,89 2,47 2,47 0,92 471,87 0,15 31
631864,97 4,9 2,47 2,47 0,93 471,65 0,15 31
635526,87 4,9 2,47 2,47 0,93 471,42 0,15 31
639188,7 4,9 2,45 2,37 0,93 471,2 0,15 31
643765,77 4,87 2,38 2,37 0,9 471,99 0,15 31
647427,3 4,85 2,37 2,37 0,88 471,53 0,15 31
652004,93 4,85 2,37 2,37 0,88 471,86 0,15 31
655667 4,84 2,37 2,37 0,87 472,08 0,15 31
659328,6 4,86 2,35 2,27 0,89 471,85 0,15 31
663905,93 4,83 2,28 2,27 0,86 471,96 0,15 31
667568,1 4,81 2,27 2,27 0,84 471,63 0,15 31
672145,47 4,82 2,27 2,27 0,85 472,74 0,15 31
675807,47 4,81 2,27 2,27 0,85 473,06 0,15 31
679469,4 4,82 2,24 2,17 0,85 472,3 0,15 31
684046,83 4,78 2,18 2,17 0,81 472,16 0,15 31
687708,87 4,78 2,17 2,17 0,81 471,83 0,15 31
692286,37 4,78 2,17 2,17 0,81 472,15 0,15 31
695948,6 4,78 2,17 2,17 0,81 472,29 0,15 31
699610,3 4,76 2,14 2,07 0,79 472,28 0,15 31
704187,57 4,74 2,08 2,07 0,78 472,27 0,15 31
707849,43 4,75 2,07 2,07 0,78 472,16 0,15 31
712426,83 4,73 2,07 2,07 0,76 472,49 0,15 31
716089,17 4,76 2,07 2,07 0,79 473,04 0,15 31
719750,7 4,74 2,04 1,97 0,77 472,82 0,15 31
724328,07 4,71 1,98 1,97 0,74 472,92 0,15 31
727990,2 4,71 1,97 1,97 0,74 473,47 0,15 31
732567,63 4,7 1,97 1,97 0,74 472,48 0,15 31
736229,6 4,7 1,97 1,97 0,74 472,36 0,15 31
739891,9 4,71 1,93 1,87 0,74 472,69 0,15 31
744469,6 4,67 1,88 1,87 0,7 473,91 0,15 31
748131,43 4,66 1,87 1,87 0,69 473,12 0,15 31
752709,3 4,67 1,87 1,87 0,7 473,12 0,15 31
756371,4 4,67 1,87 1,87 0,7 473,79 0,15 31
760033,4 4,66 1,83 1,77 0,69 473,55 0,15 31
764611 4,63 1,78 1,77 0,66 473,34 0,15 31
768272,67 4,61 1,77 1,77 0,64 473,34 0,15 31
772849,67 4,6 1,77 1,77 0,64 474,11 0,15 31
776511,73 4,61 1,77 1,77 0,64 473,56 0,15 31
780173,9 4,6 1,73 1,67 0,63 473,88 0,15 31
784751,5 4,57 1,68 1,67 0,6 473,23 0,15 31
788413,7 4,58 1,67 1,67 0,61 473,45 0,15 31
792991,3 4,57 1,67 1,67 0,6 473,77 0,15 31
796653,47 4,57 1,67 1,67 0,6 473,99 0,15 31
800315,63 4,59 1,62 1,57 0,62 473,88 0,15 31
804892,97 4,51 1,58 1,57 0,54 474,31 0,15 31
808555,33 4,52 1,57 1,57 0,55 474,1 0,15 31
813133,07 4,53 1,57 1,57 0,56 473,65 0,15 31
816794,93 4,52 1,57 1,57 0,55 473,98 0,15 31
820457,1 4,51 1,52 1,47 0,55 473,88 0,15 31
825034,83 4,5 1,48 1,47 0,53 473,87 0,15 31
828696,63 4,5 1,47 1,47 0,53 473,64 0,15 31
833274,03 4,49 1,47 1,47 0,53 473,65 0,15 31
836935,63 4,48 1,47 1,47 0,52 474,21 0,15 31
840597,73 4,48 1,42 1,37 0,51 474,54 0,15 31
845175,67 4,45 1,38 1,37 0,48 474,76 0,15 31
848837,8 4,46 1,37 1,37 0,49 474,21 0,15 31
853415,3 4,44 1,37 1,37 0,48 474,3 0,15 31
857077,67 4,45 1,37 1,37 0,48 474,2 0,15 31
860739,53 4,45 1,32 1,27 0,48 474,42 0,15 31
865317,57 4,4 1,28 1,27 0,43 473,97 0,15 31
868979,97 4,39 1,27 1,27 0,43 474,64 0,15 31
873558,07 4,41 1,27 1,27 0,44 474,75 0,15 31
877220,33 4,4 1,27 1,27 0,44 473,97 0,15 31
880882,67 4,4 1,21 1,17 0,44 474,42 0,15 31
885460,23 4,35 1,18 1,17 0,39 475,19 0,15 31
889122,57 4,35 1,17 1,17 0,38 475,07 0,15 31
893699,67 4,36 1,17 1,17 0,39 474,29 0,15 31
897361,73 4,35 1,17 1,17 0,38 474,62 0,15 31
901023,6 4,34 1,11 1,07 0,38 474,85 0,15 31
905601,63 4,31 1,08 1,07 0,35 475,05 0,15 31
909263,73 4,32 1,07 1,07 0,35 475,84 0,15 31
913841,27 4,31 1,07 1,07 0,34 475,4 0,15 31
917503,37 4,31 1,07 1,07 0,34 474,97 0,15 31
921165,7 4,3 1,01 0,97 0,34 474,83 0,15 31
925743,23 4,28 0,97 0,97 0,31 474,95 0,15 31
929405,23 4,27 0,97 0,97 0,31 474,71 0,15 31
933067,5 4,28 0,97 0,97 0,31 475,27 0,15 31
937644,97 4,28 0,97 0,97 0,31 475,61 0,15 31
941307,47 4,27 0,91 0,87 0,3 475,27 0,15 31
945884,43 4,23 0,87 0,87 0,27 475,69 0,15 31
949546,57 4,23 0,87 0,87 0,26 475,81 0,15 31
953207,8 4,23 0,87 0,87 0,27 475,7 0,15 31
957784,73 4,23 0,87 0,87 0,26 475,69 0,15 31
961446,6 4,22 0,8 0,77 0,25 476,81 0,15 31
966023,87 4,19 0,77 0,77 0,22 476,13 0,15 31
969685,5 4,18 0,77 0,77 0,21 475,46 0,15 31
973347,37 4,2 0,77 0,77 0,23 475,8 0,15 31
977924,4 4,22 0,77 0,77 0,25 476,47 0,15 31
981586,3 4,06 0,1 0,67 0,1 454,78 0,15 31
3309,47 4 0,98 1,01 0,01 390,46 0,21 31
6969,97 3,99 0,99 1,01 0 390,89 0,21 31
11545,8 3,99 1 1,01 0,01 392,46 0,21 31
15206,83 4,01 1 1,01 0,03 394,01 0,2 31
18867,83 4,01 1,01 1,01 0,02 397,43 0,2 31
23443,87 4,01 1,26 1,26 0,03 463,7 0,17 31
27104,77 4,06 1,26 1,26 0,08 483,04 0,17 31
31681,83 4,18 1,26 1,26 0,19 490,76 0,16 31
35343,43 4,24 1,26 1,26 0,25 490,15 0,16 31
39005,47 4,25 1,26 1,26 0,27 489,25 0,16 31
43582,37 4,33 1,51 1,51 0,35 488,66 0,16 31
47243,87 4,39 1,51 1,51 0,4 487,16 0,16 31
51820,97 4,41 1,51 1,51 0,42 487,86 0,16 31
55482,6 4,42 1,51 1,51 0,43 487,46 0,16 31
59144,43 4,45 1,51 1,51 0,46 487,57 0,16 31
63721,37 4,51 1,76 1,76 0,52 486,87 0,17 31
67383,5 4,56 1,76 1,76 0,58 485,48 0,17 31
71960,17 4,57 1,76 1,76 0,58 485,39 0,17 31
75621,77 4,57 1,76 1,76 0,59 486,29 0,17 31
79284,03 4,58 1,76 1,76 0,6 485,5 0,17 31
83859,97 4,65 2,01 2,01 0,66 483,72 0,17 31
87522,07 4,7 2,01 2,01 0,71 483,53 0,17 31
92099,27 4,7 2,01 2,01 0,71 483,73 0,17 31
95760,33 4,68 2,01 2,01 0,7 483,63 0,17 31
99422,23 4,69 2,01 2,01 0,7 483,52 0,17 31
103999,13 4,76 2,26 2,26 0,78 481,78 0,17 31
107660,63 4,8 2,26 2,26 0,81 482,26 0,17 31
112237,2 4,82 2,26 2,26 0,84 482,45 0,17 31
115898,1 4,83 2,26 2,26 0,84 481,97 0,17 31
119559,8 4,84 2,26 2,26 0,86 482,06 0,17 31
124136,4 4,9 2,51 2,51 0,91 481,69 0,17 31
127797,67 4,93 2,51 2,51 0,95 481,59 0,17 31
132374,27 4,93 2,51 2,51 0,95 480,8 0,17 31
136035,63 4,93 2,51 2,51 0,95 481,5 0,17 31
139696,67 4,93 2,51 2,51 0,95 481,5 0,17 31
144273,33 5 2,76 2,76 1,02 480,33 0,17 31
147934,1 5,04 2,76 2,76 1,05 480,03 0,17 31
152510,6 5,04 2,76 2,76 1,06 480,64 0,17 31
156171,1 5,05 2,76 2,76 1,06 480,92 0,17 31
159832,47 5,04 2,75 2,79 1,05 480,24 0,17 31
164408,77 5,12 3,01 3,01 1,14 479,85 0,17 31
168069,7 5,14 3,01 3,01 1,15 478,78 0,17 31
172646,2 5,1 3,01 3,01 1,11 480,22 0,17 31
176307,4 4,98 3,01 3,01 1 480,99 0,17 31
179968,57 4,99 3,02 3,08 1 480,62 0,17 31
184545,1 5,1 3,26 3,26 1,11 479,48 0,17 31
188205,93 5,16 3,26 3,26 1,18 479,18 0,17 31
192783 5,19 3,26 3,26 1,2 479,19 0,17 31
196444,33 5,2 3,26 3,26 1,21 479,38 0,17 31
200105,7 5,21 3,3 3,36 1,22 479,27 0,17 31
204682,7 5,3 3,51 3,51 1,31 478,43 0,17 31
208342,87 5,31 3,51 3,51 1,33 478,43 0,17 31
212919,4 5,34 3,51 3,51 1,36 478,8 0,17 31
216580,43 5,32 3,51 3,51 1,34 478,42 0,17 31
220241 5,34 3,58 3,64 1,36 478,51 0,17 31
224817,37 5,41 3,76 3,76 1,43 477,27 0,17 31
228478,9 5,44 3,76 3,76 1,45 476,79 0,17 31
233055,97 5,43 3,76 3,76 1,45 477,57 0,17 31
236717,7 5,43 3,76 3,76 1,45 477,36 0,17 31
240379,5 5,44 3,86 3,93 1,45 477,16 0,17 31
244956,4 5,51 4,01 4,01 1,53 476,9 0,17 31
248618,27 5,54 4,01 4,01 1,55 477,29 0,17 31
253195,7 5,52 4,01 4,01 1,54 476,5 0,17 31
256857,3 5,54 4,01 4,01 1,55 477,1 0,17 31
260518,73 5,54 4,15 4,21 1,56 476,32 0,17 31
265095,87 5,62 4,26 4,26 1,64 476,93 0,17 31
268757,67 5,66 4,26 4,26 1,67 475,94 0,17 31
273334,67 5,62 4,26 4,26 1,63 475,75 0,17 31
276996,07 5,65 4,26 4,26 1,66 475,94 0,17 31
280657,9 5,62 4,43 4,49 1,64 475,26 0,17 31
285235,3 5,69 4,51 4,51 1,71 475,58 0,17 31
288896,87 5,71 4,51 4,51 1,73 476,54 0,17 31
293474,3 5,73 4,51 4,51 1,74 475,19 0,17 31
297136,57 5,74 4,51 4,51 1,76 475,68 0,17 31
300798,43 5,74 4,71 4,76 1,76 474,9 0,17 31
305375,67 5,84 4,76 4,76 1,85 475,29 0,17 31
309037,03 5,85 4,76 4,76 1,87 475,3 0,17 31
313614,47 5,84 4,76 4,76 1,85 475,02 0,17 31
317276,53 5,83 4,76 4,76 1,85 475,4 0,17 31
320938 5,84 4,99 5,01 1,85 474,62 0,17 31
325515,27 5,91 5,01 5,01 1,92 474,71 0,17 31
329176,63 5,94 5,01 5,01 1,95 474,82 0,17 31
333753,57 5,94 5,01 5,01 1,96 474,35 0,17 31
337414,9 5,94 5,01 5,01 1,96 474,54 0,17 31
341076,27 5,95 5,25 5,26 1,96 474,74 0,17 31
345653,53 6,01 5,01 5,01 2,03 474,16 0,17 31
349315,3 5,96 5,01 5,01 1,97 474,16 0,17 31
353892 5,92 5,01 5,01 1,94 474,07 0,17 31
357553,73 5,92 5,01 5,01 1,94 473,96 0,17 31
361215,17 5,92 5,01 5,01 1,93 474,16 0,17 31
365791,93 5,9 4,76 4,76 1,91 474,63 0,17 31
369453,7 5,82 4,76 4,76 1,83 474,44 0,17 31
374030,8 5,83 4,76 4,76 1,85 475,11 0,17 31
377692,8 5,82 4,76 4,76 1,83 474,63 0,17 31
381354,17 5,9 4,76 4,76 1,91 474,36 0,17 31
385931,53 5,8 4,51 4,51 1,81 475,98 0,17 31
389593,07 5,77 4,51 4,51 1,78 475,11 0,17 31
394170,3 5,76 4,51 4,51 1,78 475 0,17 31
397832,27 5,76 4,51 4,51 1,77 474,72 0,17 31
401494,2 5,75 4,51 4,51 1,77 475,2 0,17 31
406071,63 5,72 4,26 4,26 1,74 475,39 0,17 31
409733,27 5,65 4,26 4,26 1,67 475,56 0,17 31
414310,3 5,66 4,26 4,26 1,67 475,76 0,17 31
417972,2 5,64 4,26 4,26 1,65 475,58 0,17 31
421634 5,62 4,26 4,26 1,63 475,69 0,17 31
426211,2 5,61 4,01 4,01 1,63 476,24 0,17 31
429872,7 5,56 4,01 4,01 1,57 476,16 0,17 31
434449,73 5,52 4,01 4,01 1,54 476,15 0,17 31
438112,1 5,51 4,01 4,01 1,53 476,35 0,17 31
441773,67 5,51 4,01 4,01 1,53 476,82 0,17 31
446350,9 5,47 3,77 3,76 1,49 476,33 0,17 31
450012,2 5,44 3,76 3,76 1,45 476,51 0,17 31
454590 5,48 3,76 3,76 1,5 476,52 0,17 31
458251,93 5,44 3,76 3,76 1,45 476,8 0,17 31
461913,67 5,46 3,76 3,76 1,48 476,63 0,17 31
466490,93 5,4 3,51 3,51 1,42 476,32 0,17 31
470151,67 5,35 3,51 3,51 1,37 477,38 0,17 31
474728,3 5,34 3,51 3,51 1,35 477,27 0,17 31
478389,13 5,34 3,51 3,51 1,35 477,19 0,17 31
482050,2 5,34 3,51 3,51 1,36 476,69 0,17 31
486626,57 5,29 3,26 3,26 1,31 477,76 0,17 31
490288,07 5,25 3,26 3,26 1,26 477,75 0,17 31
494864,77 5,23 3,26 3,26 1,25 477,73 0,17 31
498526,3 5,26 3,26 3,26 1,28 477,86 0,17 31
502187,67 5,24 3,26 3,26 1,26 477,36 0,17 31
506764,3 5,19 3,01 3,01 1,21 478,41 0,17 31
510426,23 5,15 3,01 3,01 1,16 478,52 0,17 31
515002,6 5,12 3,01 3,01 1,14 477,86 0,17 31
518663,6 5,14 3,01 3,01 1,15 477,65 0,17 31
522324,1 5,15 3,01 3,01 1,17 478,15 0,17 31
526900,83 5,12 2,76 2,76 1,13 478,8 0,17 31
530562,07 5,06 2,76 2,76 1,08 478,52 0,17 31
535138,97 5,03 2,76 2,76 1,05 479,78 0,17 31
538800,1 5,04 2,76 2,76 1,05 478,99 0,17 31
542460,8 5,02 2,76 2,76 1,03 478,62 0,17 31
547037,63 5 2,51 2,51 1,01 479,37 0,17 31
550698,77 4,94 2,51 2,51 0,96 478,88 0,17 31
555275,63 4,95 2,51 2,51 0,96 480,25 0,17 31
558936,93 4,96 2,51 2,51 0,97 479,67 0,17 31
562598,23 4,95 2,51 2,51 0,97 479,96 0,17 31
567175,03 4,88 2,26 2,26 0,9 480,82 0,17 31
570836,2 4,85 2,26 2,26 0,86 480,72 0,17 31
575412,4 4,84 2,26 2,26 0,86 480,92 0,17 31
579073,57 4,83 2,26 2,26 0,84 480,63 0,17 31
582734,77 4,84 2,26 2,26 0,85 481,02 0,17 31
587311,5 4,78 2,01 2,01 0,8 482,38 0,17 31
590972,63 4,75 2,01 2,01 0,76 482,37 0,17 31
595548,87 4,74 2,01 2,01 0,76 482,07 0,17 31
599210,13 4,75 2,01 2,01 0,76 482,16 0,17 31
602871,17 4,75 2,01 2,01 0,77 481,88 0,17 31
607448,03 4,69 1,76 1,76 0,7 484,22 0,17 31
611109,13 4,64 1,76 1,76 0,66 483,73 0,17 31
615686,2 4,64 1,76 1,76 0,66 483,43 0,17 31
619347,9 4,64 1,76 1,76 0,65 483,62 0,17 31
623009,37 4,63 1,76 1,76 0,65 484,62 0,17 31
627586,33 4,57 1,51 1,51 0,58 484,99 0,17 31
631247,63 4,53 1,51 1,51 0,54 485,68 0,17 31
635824,73 4,53 1,51 1,51 0,54 485,38 0,17 31
639486,57 4,52 1,51 1,51 0,54 485,49 0,17 31
643148,2 4,52 1,51 1,51 0,54 485,68 0,17 31
647725,23 4,46 1,26 1,26 0,48 487,17 0,16 31
651386,67 4,43 1,26 1,26 0,45 487,57 0,16 31
655963,73 4,43 1,26 1,26 0,44 487,16 0,16 31
659625,67 4,42 1,26 1,26 0,44 487,86 0,16 31
663287,27 4,43 1,26 1,26 0,44 487,16 0,16 31
667864,33 4,37 1,01 1,01 0,38 488,15 0,16 31
671526,03 4,33 1,01 1,01 0,34 488,55 0,16 31
676103,13 4,33 1,01 1,01 0,34 488,94 0,16 31
679764,77 4,36 1,01 1,01 0,37 488,75 0,16 31
683426,37 4,32 1,01 0,99 0,34 489,86 0,16 31
688003,6 4,27 0,76 0,76 0,28 489,34 0,16 31
691664,97 4,22 0,76 0,76 0,23 490,05 0,16 31
696241,9 4,21 0,76 0,76 0,22 489,54 0,16 31
699903,17 4,22 0,76 0,76 0,23 489,85 0,16 31
703565,07 4,22 0,69 0,71 0,23 489,74 0,16 31
708141,87 4,04 0,12 0,51 0,05 396,45 0,2 31
711802,5 4,03 0,12 0,51 0,04 399,81 0,2 31
716378,43 4,04 0,12 0,51 0,06 455,3 0,18 31
720039,7 4,04 0,12 0,51 0,05 456,14 0,18 31
723700,2 4,02 0,12 0,43 0,04 455,68 0,18 31
728276,23 4,02 0,12 0,26 0,03 453,93 0,18 31
731936,87 4,02 0,12 0,26 0,03 452,79 0,18 31
736513,23 4,01 0,12 0,26 0,02 451,06 0,18 31
740174,47 4 0,12 0,26 0,02 449,61 0,18 31
743835,47 4,02 0,12 0,14 0,03 398,09 0,2 31
748411,3 4 0,12 0,01 0,02 396,48 0,2 31
752072,03 4,03 0,12 0,01 0,04 395,29 0,2 31
