dt(s)	Druck(10^-3 mbar)	Ar_Flow(sccm)	O2_Flow(sccm)	O2 Partial Pressure (10^-3 mbar)	MDX 500 V	MDX 500 I	MDX 2500 V	MDX 2500 I	Mean_Loop_Duration(ms)	Var O2 Partial Pressure	Var MDX 500 V	Timesteps (sec): 30,000000	startpoint (sccm): 0,760000	steps (sccm): 0,100000
0	0
4,97	4	8,16	-0,01	-0	405,82	0,27	0	0	59	0	1,55
10,07	4	8,16	-0,01	-0	405,92	0,27	0	0	59	0	1,12
16,8	4	8,16	-0,01	-0	405,51	0,27	0	0	59	0	1,53
21,87	4	8,16	-0,01	-0	405,89	0,27	0	0	59	0	0,7
28,6	4	8,16	-0,01	-0	405,77	0,27	0	0	59	0	0,7
33,7	4,01	8,16	0,74	0	407,66	0,27	0	0	59	0	1,01
40,5	4	8,16	0,75	-0	406,88	0,27	0	0	59	0	1,25
47,33	4	8,16	0,75	-0	408,11	0,27	0	0	59	0	1,05
52,43	4	8,16	0,76	-0	406,93	0,27	0	0	59	0	1,3
59,17	4	8,16	0,76	-0,01	406,65	0,27	0	0	59	0	1,42
64,27	4	8,16	0,84	-0	407,93	0,27	0	0	59	0	1,19
71	4	8,16	0,86	-0	408,02	0,27	0	0	59	0	1,25
76,07	4	8,16	0,86	-0,01	407,75	0,27	0	0	59	0	0,97
82,8	4	8,16	0,86	-0	408,47	0,27	0	0	59	0	1,17
89,57	4	8,16	0,86	-0,01	408,52	0,27	0	0	59	0	0,78
94,63	4	8,16	0,94	-0	409,94	0,27	0	0	59	0	1
101,47	4	8,16	0,96	-0	410,62	0,27	0	0	59	0	1,32
106,53	4	8,16	0,96	-0	410,76	0,27	0	0	59	0	1,24
113,37	4	8,16	0,96	-0	411,23	0,27	0	0	59	0	1
118,43	4	8,16	0,96	-0	411,64	0,27	0	0	59	0	0,84
125,2	4	8,16	1,05	-0	414,01	0,27	0	0	59	0	0,86
131,93	4,01	8,16	1,06	0	414,74	0,27	0	0	59	0	0,83
137	4	8,16	1,06	0	415,46	0,26	0	0	59	0	0,6
143,73	4,01	8,16	1,06	0	416,07	0,26	0	0	59	0	1,14
148,83	4,01	8,16	1,06	0	416,78	0,26	0	0	59	0	0,77
155,6	4,01	8,16	1,15	0,01	422,49	0,26	0	0	59	0	0,87
160,67	4,02	8,16	1,16	0,01	425,63	0,26	0	0	59	0	0,83
167,5	4,02	8,16	1,16	0,02	427,25	0,26	0	0	59	0	0,92
172,53	4,02	8,16	1,16	0,02	429,22	0,26	0	0	59	0	0,93
179,4	4,03	8,16	1,16	0,02	431,44	0,26	0	0	59	0	0,86
186,13	4,04	8,16	1,25	0,04	444,28	0,25	0	0	59	0	1,62
191,23	4,06	8,16	1,26	0,06	452,07	0,24	0	0	59	0	1,76
197,97	4,09	8,16	1,26	0,08	466,85	0,24	0	0	59	0	2,07
203,07	4,12	8,16	1,26	0,11	481,82	0,23	0	0	59	0	1,81
209,8	4,17	8,16	1,26	0,17	548,8	0,2	0	0	59	0,01	1,74
214,87	4,23	8,16	1,35	0,23	558,15	0,2	0	0	59	0,01	1,52
221,6	4,27	8,16	1,36	0,27	561,37	0,2	0	0	59	0	2,76
228,47	4,29	8,16	1,36	0,28	562,17	0,2	0	0	59	0	1,4
233,5	4,3	8,16	1,36	0,29	562,64	0,2	0	0	59	0	2,29
240,33	4,29	8,16	1,37	0,29	563,14	0,2	0	0	59	0	2,63
245,43	4,31	8,16	1,45	0,31	565,51	0,19	0	0	59	0	1,6
252,2	4,28	8,16	1,47	0,28	558,56	0,2	0	0	59	0,01	2,55
257,27	4,12	8,16	1,48	0,12	437,77	0,25	0	0	59	0,02	10,07
264	4,27	8,16	1,45	0,26	564,09	0,19	0	0	59	0,01	2,1
270,73	4,34	8,16	1,47	0,34	568,13	0,19	0	0	59	0	2,25
275,83	4,39	8,16	1,55	0,38	570,16	0,19	0	0	59	0	2,53
282,57	4,4	8,16	1,56	0,4	569,6	0,19	0	0	59	0	2,08
287,67	4,41	8,16	1,56	0,41	570,89	0,19	0	0	59	0	1,96
294,5	4,42	8,16	1,56	0,41	571,83	0,19	0	0	59	0	1,07
299,53	4,42	8,16	1,56	0,42	571,97	0,19	0	0	59	0	2,66
306,4	4,46	8,16	1,65	0,46	573,04	0,19	0	0	59	0	2,28
313,13	4,47	8,16	1,66	0,47	573,01	0,19	0	0	59	0	1,47
318,2	4,48	8,16	1,66	0,47	573,28	0,19	0	0	59	0	2,23
324,93	4,48	8,16	1,66	0,48	572	0,19	0	0	59	0	2,16
330,03	4,49	8,16	1,66	0,48	573,99	0,19	0	0	59	0	1,71
336,77	4,53	8,16	1,75	0,52	573,52	0,19	0	0	59	0	2,45
341,87	4,54	8,16	1,76	0,53	574,45	0,19	0	0	59	0	2,15
348,6	4,54	8,16	1,76	0,54	574,92	0,19	0	0	59	0	1,87
353,67	4,55	8,16	1,76	0,54	575,06	0,19	0	0	59	0	1,82
360,5	4,55	8,16	1,77	0,55	574,45	0,19	0	0	59	0	2,14
367,33	4,59	8,16	1,85	0,59	575,71	0,19	0	0	59	0	1,88
372,43	4,6	8,16	1,86	0,6	574,03	0,19	0	0	59	0	2,33
379,17	4,61	8,16	1,86	0,6	574,98	0,19	0	0	59	0	2,4
384,27	4,61	8,16	1,86	0,61	574,33	0,19	0	0	59	0	2,13
391	4,62	8,16	1,88	0,61	576,83	0,19	0	0	59	0	2,11
396,07	4,65	8,16	1,95	0,65	576,6	0,19	0	0	59	0	1,62
402,8	4,66	8,16	1,96	0,66	576,65	0,19	0	0	59	0	2,02
409,57	4,67	8,16	1,96	0,66	577,07	0,19	0	0	59	0	1,26
414,63	4,67	8,16	1,96	0,67	576,39	0,19	0	0	59	0	1,97
421,47	4,68	8,16	1,99	0,67	574,58	0,19	0	0	59	0	2,05
426,53	4,7	8,16	1,99	0,7	575,83	0,19	0	0	59	0	2,25
433,37	4,68	8,16	1,96	0,68	576,05	0,19	0	0	59	0	1,59
438,43	4,69	8,16	1,96	0,68	576,07	0,19	0	0	59	0	1,56
445,2	4,69	8,16	1,96	0,69	575,58	0,19	0	0	59	0	1,65
451,93	4,69	8,16	1,96	0,69	575,18	0,19	0	0	59	0	1,2
457	4,65	8,16	1,89	0,64	574,52	0,19	0	0	59	0,01	1,91
463,73	4,53	8,16	1,87	0,53	572,18	0,19	0	0	59	0,02	1,64
468,87	4,31	8,16	1,84	0,31	570,7	0,19	0	0	59	0,02	2,89
475,6	4,64	8,16	1,86	0,64	575,11	0,19	0	0	59	0	1,83
480,67	4,66	8,16	1,86	0,66	575,58	0,19	0	0	59	0	1,26
487,5	4,65	8,16	1,79	0,64	574,54	0,19	0	0	59	0	1,18
494,33	4,63	8,16	1,76	0,62	575,78	0,19	0	0	59	0	0,96
499,4	4,63	8,16	1,76	0,63	575,19	0,19	0	0	59	0	1,65
506,13	4,63	8,16	1,76	0,63	575,24	0,19	0	0	59	0	2,77
511,23	4,64	8,16	1,76	0,63	574,35	0,19	0	0	59	0	2,05
517,97	4,62	8,16	1,68	0,61	574,66	0,19	0	0	59	0	1,71
523,07	4,6	8,16	1,66	0,6	574,23	0,19	0	0	59	0	3,21
529,8	4,6	8,16	1,66	0,6	574,98	0,19	0	0	59	0	1,17
534,87	4,6	8,16	1,66	0,6	575,18	0,19	0	0	59	0	1,22
541,6	4,6	8,16	1,66	0,6	574,83	0,19	0	0	59	0	1,87
548,47	4,58	8,16	1,58	0,57	573,66	0,19	0	0	59	0	1,97
553,5	4,57	8,16	1,56	0,56	574,18	0,19	0	0	59	0	1,61
560,33	4,57	8,16	1,56	0,56	573	0,19	0	0	59	0	2,24
565,43	4,57	8,16	1,56	0,56	574,35	0,19	0	0	59	0	1,98
572,2	4,57	8,16	1,56	0,57	573,84	0,19	0	0	59	0	1,65
577,27	4,55	8,16	1,49	0,55	572,71	0,19	0	0	59	0,01	1,64
584	4,53	8,16	1,46	0,53	572,4	0,19	0	0	59	0	1,96
590,73	4,53	8,16	1,46	0,53	573,38	0,19	0	0	59	0	2,32
595,8	4,53	8,16	1,46	0,53	572,58	0,19	0	0	59	0	1,81
602,57	4,53	8,16	1,46	0,53	572,86	0,19	0	0	59	0	1,94
607,67	4,51	8,16	1,38	0,51	571,4	0,19	0	0	59	0	1,84
614,5	4,49	8,16	1,36	0,49	572,04	0,19	0	0	59	0	2,51
619,53	4,49	8,16	1,36	0,49	572,37	0,19	0	0	59	0	2,81
626,4	4,49	8,16	1,36	0,49	573,27	0,19	0	0	59	0	1,49
633,13	4,49	8,16	1,36	0,49	572,27	0,19	0	0	59	0	1,88
638,2	4,47	8,16	1,28	0,47	571,38	0,19	0	0	59	0	1,76
644,93	4,45	8,16	1,26	0,45	570,76	0,19	0	0	59	0	1,94
650,03	4,45	8,16	1,26	0,45	570,2	0,19	0	0	59	0	1,94
656,77	4,45	8,16	1,26	0,45	570,91	0,19	0	0	59	0	1,26
661,87	4,46	8,16	1,26	0,45	570,35	0,19	0	0	59	0	2,96
668,6	4,43	8,16	1,18	0,42	568,81	0,19	0	0	59	0	2,44
675,47	4,42	8,16	1,16	0,41	569,22	0,19	0	0	59	0	1,54
680,5	4,42	8,16	1,16	0,41	568,99	0,19	0	0	59	0	1,4
687,33	4,42	8,16	1,16	0,41	568,31	0,19	0	0	59	0	2,04
692,43	4,42	8,16	1,16	0,41	568,74	0,19	0	0	59	0	2,19
699,17	4,39	8,16	1,07	0,38	566,37	0,19	0	0	59	0	2,34
704,27	4,37	8,16	1,06	0,37	566,6	0,19	0	0	59	0	1,11
711	4,37	8,16	1,06	0,37	565,7	0,19	0	0	59	0	1,32
716,07	4,36	8,16	1,06	0,36	565,77	0,19	0	0	59	0	2,45
722,8	4,34	8,16	1,06	0,34	564,72	0,19	0	0	59	0	1,53
729,57	4,25	8,16	0,98	0,25	541,2	0,2	0	0	59	0,01	9,52
734,63	4,08	8,16	1,02	0,07	425,85	0,26	0	0	59	0,02	4,91
741,47	4,15	8,16	0,95	0,15	536,29	0,2	0	0	59	0,01	8,2
746,53	4,2	8,16	0,96	0,2	549,54	0,2	0	0	59	0	0,94
753,37	4,24	8,16	0,96	0,23	555,23	0,2	0	0	59	0	1,14
758,43	4,23	8,16	0,88	0,22	551,11	0,2	0	0	59	0	1,5
765,2	4,22	8,16	0,86	0,22	552,77	0,2	0	0	59	0	1,62
771,93	4,23	8,16	0,86	0,22	553,47	0,2	0	0	59	0	1,91
777	4,23	8,16	0,86	0,23	553,05	0,2	0	0	59	0	1,72
783,73	4,24	8,16	0,86	0,23	553,95	0,2	0	0	59	0	1,3
788,87	4,21	8,16	0,78	0,21	546,85	0,2	0	0	59	0	2,07
795,6	4,19	8,16	0,76	0,18	541,5	0,2	0	0	59	0	0,89
800,67	4,18	8,16	0,76	0,17	519,84	0,21	0	0	59	0	2,32
807,5	4,16	8,16	0,76	0,16	508,87	0,22	0	0	59	0	2,63
dt(s)	Druck(10^-3 mbar)	Ar_Flow(sccm)	O2_Flow(sccm)	O2 Partial Pressure (10^-3 mbar)	MDX 500 V	MDX 500 I	MDX 2500 V	MDX 2500 I	Mean_Loop_Duration(ms)	Var O2 Partial Pressure	Var MDX 500 V	Timesteps (sec): 30,000000	startpoint (sccm): 0,760000	steps (sccm): 0,100000
0	0
5,27	4	8,25	0,01	-0	309,9	0,06	1,24	0,01	59	0	2,63
10,37	4	8,25	0,01	-0	308,72	0,06	0,73	0	59	0	2,66
17,13	4	8,25	0,01	-0	308,32	0,06	0,73	0	59	0	3,07
22,23	4	8,25	0,01	-0	308,79	0,06	1	0,01	59	0	3,45
29	4	8,25	0,01	-0	309,15	0,06	1,07	0,01	59	0	2,41
34,1	4	8,25	0,74	-0	315,51	0,06	0,64	0	59	0	3,73
40,83	4,01	8,25	0,75	0,01	393,96	0,05	0	0	59	0,01	10,77
45,93	4,1	8,25	0,75	0,1	426,24	0,04	0	0	59	0,01	3,16
52,7	4,16	8,25	0,76	0,16	430,05	0,04	0	0	59	0	4,98
59,53	4,18	8,25	0,76	0,18	428,08	0,04	0	0	59	0	3,24
64,57	4,22	8,25	0,84	0,22	432,43	0,04	0	0	59	0	4,72
71,47	4,24	8,25	0,86	0,24	429,51	0,04	0	0	59	0	4,75
76,5	4,24	8,25	0,86	0,24	431,11	0,04	0	0	59	0	3,63
83,37	4,25	8,25	0,86	0,25	431,04	0,04	0	0	59	0	3,82
88,43	4,25	8,25	0,86	0,25	429,64	0,04	0	0	59	0	5,05
95,2	4,28	8,25	0,95	0,28	430,42	0,04	0	0	59	0	4,45
100,33	4,29	8,25	0,96	0,29	430,59	0,04	0	0	59	0	2,62
107,07	4,3	8,25	0,96	0,3	429,43	0,04	0	0	59	0	3,47
113,83	4,3	8,25	0,96	0,3	431,17	0,04	0	0	59	0	3,24
118,93	4,3	8,25	0,96	0,3	429,85	0,04	0	0	59	0	3,68
125,7	4,33	8,25	1,05	0,33	432,01	0,04	0	0	59	0	4,88
130,8	4,34	8,25	1,06	0,34	431,73	0,04	0	0	59	0	4,05
137,57	4,34	8,25	1,06	0,34	431,13	0,04	0	0	59	0	5,47
142,67	4,35	8,25	1,06	0,35	431,17	0,04	0	0	59	0	3,24
149,5	4,35	8,25	1,06	0,35	431,31	0,04	0	0	59	0	3,93
154,57	4,38	8,25	1,14	0,38	433,3	0,04	0	0	59	0	4,73
161,43	4,39	8,25	1,16	0,39	432,39	0,04	0	0	59	0	3,97
168,2	4,39	8,25	1,16	0,39	430,83	0,04	0	0	59	0	3,17
173,33	4,39	8,25	1,16	0,39	430,76	0,04	0	0	59	0	3,43
180,07	4,39	8,25	1,16	0,39	429,6	0,04	0	0	59	0	5,17
185,2	4,42	8,25	1,25	0,43	432,1	0,04	0	0	59	0	4,74
191,93	4,43	8,25	1,26	0,44	433,36	0,04	0	0	59	0	2,53
197,03	4,44	8,25	1,26	0,44	432,38	0,04	0	0	59	0	3,32
203,8	4,44	8,25	1,26	0,44	432,07	0,04	0	0	59	0	4,82
210,57	4,44	8,25	1,27	0,44	429,14	0,04	0	0	59	0	4,26
215,67	4,47	8,25	1,35	0,47	430,9	0,04	0	0	59	0	2,19
222,5	4,48	8,25	1,36	0,48	432,7	0,04	0	0	59	0	6,36
227,57	4,48	8,25	1,36	0,48	430,95	0,04	0	0	59	0	4,79
234,43	4,48	8,25	1,36	0,48	430,02	0,04	0	0	59	0	4,03
239,5	4,48	8,25	1,36	0,48	431,23	0,04	0	0	59	0	4,16
246,3	4,52	8,25	1,45	0,52	429,72	0,04	0	0	59	0	3,54
251,4	4,5	8,25	1,46	0,5	431,66	0,04	0	0	59	0	3,45
258,17	4,46	8,25	1,46	0,46	430,74	0,04	0	0	59	0,01	3,83
264,93	4,21	8,25	1,45	0,21	417,71	0,04	0	0	59	0,03	5,4
270,03	4,43	8,25	1,45	0,43	433,25	0,04	0	0	59	0,03	4,6
276,8	4,56	8,25	1,55	0,56	432,43	0,04	0	0	59	0	2,35
281,9	4,57	8,25	1,56	0,57	432,12	0,04	0	0	59	0	5,83
288,67	4,57	8,25	1,56	0,57	431,47	0,04	0	0	59	0	4,22
293,73	4,57	8,25	1,56	0,57	431,69	0,04	0	0	59	0	4,47
300,53	4,57	8,25	1,57	0,57	429,45	0,04	0	0	59	0	5,85
305,6	4,6	8,25	1,65	0,6	432,18	0,04	0	0	59	0	3,51
312,47	4,61	8,25	1,66	0,61	431,93	0,04	0	0	59	0	4,69
319,3	4,61	8,25	1,66	0,61	430,2	0,04	0	0	59	0	3,36
324,4	4,61	8,25	1,66	0,61	432,15	0,04	0	0	59	0	3,31
331,17	4,61	8,25	1,68	0,62	430,02	0,04	0	0	59	0	3,22
336,27	4,65	8,25	1,75	0,65	431,01	0,04	0	0	59	0	3,48
343	4,66	8,25	1,76	0,66	432,08	0,04	0	0	59	0	3,44
348,13	4,66	8,25	1,76	0,66	434,03	0,04	0	0	59	0	3,59
354,87	4,66	8,25	1,76	0,66	433,96	0,04	0	0	59	0	2,42
361,63	4,66	8,25	1,79	0,66	433,03	0,04	0	0	59	0	4,19
366,77	4,7	8,25	1,85	0,7	436,32	0,04	0	0	59	0	5,2
373,57	4,7	8,25	1,86	0,7	433,82	0,04	0	0	59	0	3,54
378,63	4,7	8,25	1,86	0,7	431,67	0,04	0	0	59	0	3,61
385,5	4,7	8,25	1,86	0,7	434,15	0,04	0	0	59	0	4,15
390,53	4,7	8,25	1,86	0,71	431,25	0,04	0	0	59	0	5,02
397,43	4,74	8,25	1,95	0,74	431,59	0,04	0	0	59	0	4
402,47	4,75	8,25	1,96	0,75	431,55	0,04	0	0	59	0	3,98
409,3	4,75	8,25	1,96	0,75	431,96	0,04	0	0	59	0	4,67
416,03	4,75	8,25	1,96	0,75	434,89	0,04	0	0	59	0	3,92
421,13	4,75	8,25	1,97	0,75	430,3	0,04	0	0	59	0	3,95
427,9	4,79	8,25	2,06	0,79	432,87	0,04	0	0	59	0	3,92
433	4,79	8,25	2,06	0,79	434,57	0,04	0	0	59	0	4,17
439,77	4,79	8,25	2,06	0,79	432,38	0,04	0	0	59	0	4,03
444,87	4,79	8,25	2,06	0,79	431,62	0,04	0	0	59	0	4,03
451,6	4,79	8,25	2,09	0,79	430,66	0,04	0	0	59	0	4,74
456,77	4,79	8,25	2,15	0,79	433,23	0,04	0	0	59	0	5,91
463,57	4,7	8,25	2,17	0,7	433,51	0,04	0	0	59	0,02	3,81
470,43	4,63	8,25	2,15	0,63	427,65	0,04	0	0	59	0,04	5,13
475,47	4,82	8,25	2,16	0,82	432,83	0,04	0	0	59	0	3,49
482,3	4,84	8,25	2,2	0,84	434,56	0,04	0	0	59	0	5,48
487,4	4,87	8,25	2,25	0,87	434,31	0,04	0	0	59	0	4,43
494,17	4,88	8,25	2,26	0,88	434,32	0,04	0	0	59	0	5,37
499,27	4,88	8,25	2,26	0,88	432,1	0,04	0	0	59	0	3,9
506,03	4,88	8,25	2,26	0,88	432,49	0,04	0	0	59	0	3,17
512,8	4,89	8,25	2,32	0,89	432,13	0,04	0	0	59	0	4,12
517,9	4,92	8,25	2,36	0,92	432,11	0,04	0	0	59	0	5,38
524,63	4,92	8,25	2,36	0,92	433,97	0,04	0	0	59	0	2,97
529,73	4,92	8,25	2,36	0,92	433,11	0,04	0	0	59	0	4,24
536,53	4,92	8,25	2,36	0,92	431,34	0,04	0	0	59	0	4,37
541,6	4,92	8,25	2,38	0,92	434,05	0,04	0	0	59	0	4,76
548,47	4,96	8,25	2,46	0,96	432,36	0,04	0	0	59	0	3,36
553,53	4,97	8,25	2,46	0,97	431,49	0,04	0	0	59	0	4,18
560,4	4,97	8,25	2,46	0,97	432,31	0,04	0	0	59	0	3,81
567,13	4,97	8,25	2,46	0,97	434,57	0,04	0	0	59	0	4,77
572,27	4,97	8,25	2,5	0,97	433,23	0,04	0	0	59	0	3,07
579	4,97	8,25	2,42	0,97	431,55	0,04	0	0	59	0,01	4,63
584,13	4,93	8,25	2,37	0,93	430,29	0,04	0	0	59	0	3,24
590,87	4,93	8,25	2,36	0,93	433,31	0,04	0	0	59	0	3,4
596	4,93	8,25	2,36	0,93	431,58	0,04	0	0	59	0	5,61
602,73	4,93	8,25	2,36	0,93	432,03	0,04	0	0	59	0	3,14
607,83	4,92	8,25	2,31	0,92	432,49	0,04	0	0	59	0	5,26
614,6	4,89	8,25	2,26	0,89	431,19	0,04	0	0	59	0	3,39
621,47	4,84	8,25	2,26	0,84	431,26	0,04	0	0	59	0,01	4,2
626,53	4,75	8,25	2,27	0,75	427,48	0,04	0	0	59	0,02	3,32
633,4	4,68	8,25	2,25	0,68	430,09	0,04	0	0	59	0,05	4,42
638,47	4,87	8,25	2,2	0,87	431,44	0,04	0	0	59	0	5,16
645,3	4,85	8,25	2,16	0,85	430,29	0,04	0	0	59	0	3,41
650,43	4,85	8,25	2,16	0,85	431,74	0,04	0	0	59	0	3,38
657,17	4,85	8,25	2,16	0,85	433,18	0,04	0	0	59	0	4,36
663,93	4,85	8,25	2,16	0,85	431,78	0,04	0	0	59	0	3,16
669,03	4,84	8,25	2,09	0,84	429,66	0,04	0	0	59	0,01	3,9
675,8	4,81	8,25	2,06	0,81	428,8	0,04	0	0	59	0	4,79
680,9	4,81	8,25	2,06	0,81	429,32	0,04	0	0	59	0	4,24
687,67	4,81	8,25	2,06	0,81	427,36	0,04	0	0	59	0	2,34
692,77	4,81	8,25	2,06	0,81	429,12	0,04	0	0	59	0	3,66
699,57	4,79	8,25	1,99	0,79	431,05	0,04	0	0	59	0	4,83
704,63	4,77	8,25	1,96	0,77	432,54	0,04	0	0	59	0	5,61
711,47	4,77	8,25	1,96	0,77	430,33	0,04	0	0	59	0	3,75
718,3	4,77	8,25	1,96	0,77	432,5	0,04	0	0	59	0	3,27
723,4	4,77	8,25	1,96	0,77	432,91	0,04	0	0	59	0	4,53
730,17	4,75	8,25	1,88	0,75	429,61	0,04	0	0	59	0	4,01
735,27	4,73	8,25	1,86	0,73	429,14	0,04	0	0	59	0	3,85
742,03	4,73	8,25	1,86	0,73	430,97	0,04	0	0	59	0	3,41
747,13	4,73	8,25	1,86	0,73	429,35	0,04	0	0	59	0	5,68
753,87	4,73	8,25	1,86	0,73	430,25	0,04	0	0	59	0	2,82
759	4,72	8,25	1,8	0,72	430,67	0,04	0	0	59	0,01	4,04
765,73	4,69	8,25	1,76	0,69	427,78	0,04	0	0	59	0	4,27
772,53	4,69	8,25	1,76	0,69	427,24	0,04	0	0	59	0	4,79
777,6	4,69	8,25	1,76	0,69	428,46	0,04	0	0	59	0	4,76
784,47	4,69	8,25	1,76	0,69	430,76	0,04	0	0	59	0	4,45
789,53	4,67	8,25	1,69	0,67	429,69	0,04	0	0	59	0	6,13
796,4	4,65	8,25	1,66	0,65	428,47	0,04	0	0	59	0	4,13
801,47	4,65	8,25	1,66	0,65	430,42	0,04	0	0	59	0	4,65
808,27	4,65	8,25	1,66	0,65	432,69	0,04	0	0	59	0	5,52
813,37	4,64	8,25	1,66	0,64	431,92	0,04	0	0	59	0	5,44
820,13	4,58	8,25	1,58	0,58	429,74	0,04	0	0	59	0,01	3,04
826,87	4,41	8,25	1,58	0,41	422,02	0,04	0	0	59	0,03	3,29
832	4,36	8,25	1,55	0,36	430,32	0,04	0	0	59	0,05	4,65
838,73	4,6	8,25	1,56	0,6	428,84	0,04	0	0	59	0	3,93
843,87	4,61	8,25	1,56	0,61	430,48	0,04	0	0	59	0	4,82
850,63	4,58	8,25	1,48	0,58	428,44	0,04	0	0	59	0	4,24
855,73	4,57	8,25	1,46	0,57	428,09	0,04	0	0	59	0	5,83
862,93	4,57	8,25	1,46	0,57	428,56	0,04	0	0	59	0	5,68
868,03	4,57	8,25	1,46	0,57	430,22	0,04	0	0	59	0	4,73
874,77	4,57	8,25	1,46	0,57	428,71	0,04	0	0	59	0	4,43
879,87	4,55	8,25	1,39	0,55	428,5	0,04	0	0	59	0	5,22
886,67	4,53	8,25	1,36	0,53	429,16	0,04	0	0	59	0	3,48
893,5	4,52	8,25	1,36	0,53	428,33	0,04	0	0	59	0	3,04
898,57	4,52	8,25	1,36	0,53	427,21	0,04	0	0	59	0	3,23
905,43	4,52	8,25	1,36	0,53	426,74	0,04	0	0	59	0	4,2
910,5	4,5	8,25	1,28	0,5	426	0,04	0	0	59	0	4,93
917,33	4,48	8,25	1,26	0,49	427,17	0,04	0	0	59	0	4,16
922,43	4,48	8,25	1,26	0,48	425,95	0,04	0	0	59	0	5,59
929,2	4,48	8,25	1,26	0,49	428,89	0,04	0	0	59	0	4,39
934,3	4,48	8,25	1,26	0,49	428,01	0,04	0	0	59	0	5,55
941,03	4,46	8,25	1,18	0,46	426,22	0,04	0	0	59	0	5,04
947,8	4,44	8,25	1,16	0,44	428,39	0,04	0	0	59	0	5,75
952,9	4,44	8,25	1,16	0,44	426,12	0,04	0	0	59	0	2,83
959,67	4,44	8,25	1,16	0,44	427,21	0,04	0	0	59	0	5,94
964,77	4,44	8,25	1,16	0,45	426,53	0,04	0	0	59	0	3,77
971,57	4,41	8,25	1,07	0,41	425,04	0,04	0	0	59	0	4,43
976,63	4,4	8,25	1,06	0,4	426,43	0,04	0	0	59	0	5,74
983,5	4,4	8,25	1,06	0,4	425,96	0,04	0	0	59	0	5,01
988,53	4,4	8,25	1,06	0,4	428,4	0,04	0	0	59	0	4,39
995,4	4,4	8,25	1,06	0,4	427,49	0,04	0	0	59	0	4,05
1002,17	4,37	8,25	0,97	0,37	425,31	0,04	0	0	59	0	5,08
1007,27	4,36	8,25	0,96	0,36	422,97	0,04	0	0	59	0	3,79
1014,03	4,36	8,25	0,96	0,36	423,93	0,04	0	0	59	0	2,65
1019,13	4,36	8,25	0,96	0,36	424,98	0,04	0	0	59	0	4,14
1025,9	4,36	8,25	0,96	0,36	425,36	0,04	0	0	59	0	4,09
1031	4,33	8,25	0,88	0,33	426,14	0,04	0	0	59	0	3,93
1037,77	4,32	8,25	0,86	0,32	423,82	0,04	0	0	59	0	3,94
1044,53	4,32	8,25	0,86	0,32	424,03	0,04	0	0	59	0	6,15
1049,6	4,32	8,25	0,86	0,32	423,43	0,04	0	0	59	0	4,88
1056,47	4,32	8,25	0,86	0,32	423,47	0,04	0	0	59	0	4,52
1061,53	4,29	8,25	0,77	0,29	423,58	0,04	0	0	59	0	3,37
1068,4	4,28	8,25	0,76	0,28	422,08	0,04	0	0	59	0	4,32
1073,47	4,28	8,25	0,76	0,28	423,42	0,04	0	0	59	0	4,58
1080,27	4,28	8,25	0,76	0,28	422,61	0,04	0	0	59	0	3,04
dt(s)	Druck(10^-3 mbar)	Ar_Flow(sccm)	O2_Flow(sccm)	O2 Partial Pressure (10^-3 mbar)	MDX 500 V	MDX 500 I	MDX 2500 V	MDX 2500 I	Mean_Loop_Duration(ms)	Var O2 Partial Pressure	Var MDX 500 V	Timesteps (sec): 30,000000	startpoint (sccm): 0,760000	steps (sccm): 0,100000
4,4	4	8,26	0,01	-0	326,46	0,09	0	0	59	0	2,25
11,17	4	8,26	0,01	-0	325,5	0,09	0	0	59	0	1,28
16,27	4	8,26	0,01	-0	324,81	0,09	0	0	59	0	2,48
23,03	3,99	8,26	0,01	-0	326,19	0,09	0	0	59	0	1,73
28,13	3,99	8,26	0,01	-0	325,4	0,09	0	0	59	0	2,37
34,87	4	8,26	0,75	0	328,81	0,09	0	0	59	0	1,28
40	4	8,26	0,75	0	327,89	0,09	0	0	59	0	2,71
46,73	3,99	8,26	0,75	-0,01	327,36	0,09	0	0	59	0	1,59
53,53	3,99	8,26	0,76	-0,01	326,93	0,09	0	0	59	0	1,18
58,6	3,99	8,26	0,76	-0,01	327,34	0,09	0	0	59	0	2,29
65,47	3,99	8,26	0,85	-0,01	331,96	0,09	0	0	59	0	2,22
70,53	3,99	8,26	0,86	-0,01	334,71	0,09	0	0	59	0	1
77,4	3,99	8,26	0,86	-0,01	372,09	0,08	0	0	59	0	5,99
82,47	4	8,26	0,86	-0	392,73	0,07	0	0	59	0	2,78
89,27	4,01	8,26	0,86	0,01	407,16	0,07	0	0	59	0	3,91
94,37	4,03	8,26	0,94	0,04	421,5	0,07	0	0	59	0	3,52
101,13	4,07	8,26	0,96	0,07	445,44	0,06	0	0	59	0	3,87
107,87	4,1	8,26	0,96	0,1	453,38	0,06	0	0	59	0	5,13
112,97	4,12	8,26	0,96	0,12	454,92	0,06	0	0	59	0	3,67
119,73	4,14	8,26	0,96	0,14	457,51	0,06	0	0	59	0	3,08
124,83	4,17	8,26	1,04	0,18	458,31	0,06	0	0	59	0	4,48
131,6	4,19	8,26	1,06	0,2	459,89	0,06	0	0	59	0	4,04
136,7	4,21	8,26	1,06	0,21	458,49	0,06	0	0	59	0	4,05
143,53	4,22	8,26	1,06	0,22	458,36	0,06	0	0	59	0	4,42
148,57	4,22	8,26	1,06	0,23	462,39	0,06	0	0	59	0	4,86
155,73	4,26	8,26	1,15	0,26	460,52	0,06	0	0	59	0	2,83
160,87	4,27	8,26	1,16	0,27	462,5	0,06	0	0	59	0	3,66
167,6	4,28	8,26	1,16	0,28	460,83	0,06	0	0	59	0	3,96
172,73	4,28	8,26	1,16	0,28	460,38	0,06	0	0	59	0	3,32
179,53	4,29	8,26	1,16	0,29	461,3	0,06	0	0	59	0	4,32
186,4	4,32	8,26	1,25	0,32	463,44	0,06	0	0	59	0	3,73
191,47	4,33	8,26	1,26	0,33	463,06	0,06	0	0	59	0	4,09
198,27	4,34	8,26	1,26	0,34	463,14	0,06	0	0	59	0	4,32
203,37	4,33	8,26	1,26	0,34	464,23	0,06	0	0	59	0	4,27
210,13	4,32	8,26	1,26	0,32	460,81	0,06	0	0	59	0	4,18
215,23	4,32	8,26	1,35	0,32	462,64	0,06	0	0	59	0	2,68
222	4,09	8,26	1,32	0,09	428,44	0,07	0	0	59	0,02	18,13
227,1	4,33	8,26	1,35	0,33	465,22	0,06	0	0	59	0,02	2,76
233,87	4,38	8,26	1,36	0,39	464,46	0,06	0	0	59	0	3,63
239	4,39	8,26	1,36	0,39	463,64	0,06	0	0	59	0	2,7
245,73	4,42	8,26	1,45	0,42	464,42	0,06	0	0	59	0	3,78
252,53	4,43	8,26	1,46	0,43	464,06	0,06	0	0	59	0	2,89
257,6	4,43	8,26	1,46	0,43	465,51	0,06	0	0	59	0	3,85
264,47	4,43	8,26	1,46	0,44	464,69	0,06	0	0	59	0	4,72
269,53	4,43	8,26	1,46	0,44	464,02	0,06	0	0	59	0	3,7
276,4	4,47	8,26	1,55	0,47	463,95	0,06	0	0	59	0	4,7
281,47	4,48	8,26	1,56	0,48	465	0,06	0	0	59	0	3,57
288,27	4,48	8,26	1,56	0,48	464,33	0,06	0	0	59	0	4,8
293,37	4,48	8,26	1,56	0,48	463,65	0,06	0	0	59	0	3,19
300,13	4,48	8,26	1,56	0,48	465,7	0,06	0	0	59	0	2,99
306,93	4,52	8,26	1,65	0,52	466,67	0,06	0	0	59	0	5,64
312	4,52	8,26	1,66	0,52	465,31	0,06	0	0	59	0	2,83
318,77	4,52	8,26	1,66	0,53	464,91	0,06	0	0	59	0	3,87
323,87	4,52	8,26	1,66	0,53	465,25	0,06	0	0	59	0	3,67
330,63	4,52	8,26	1,67	0,53	465,54	0,06	0	0	59	0	2,75
335,9	4,56	8,26	1,75	0,56	466,29	0,06	0	0	62,2	0	3,3
341,8	4,57	8,26	1,76	0,57	466,61	0,06	0	0	59	0	4,3
347,23	4,57	8,26	1,76	0,57	464,36	0,06	0	0	63,8	0	2,22
354,47	4,57	8,26	1,76	0,57	465,14	0,06	0	0	59	0	3,64
361,27	4,57	8,26	1,78	0,57	465,2	0,06	0	0	59	0	3,87
366,37	4,6	8,26	1,85	0,61	466,54	0,06	0	0	59	0	4,69
373,13	4,61	8,26	1,86	0,61	467,08	0,06	0	0	59	0	5,31
378,23	4,61	8,26	1,86	0,61	466,28	0,06	0	0	59	0	2,56
385	4,61	8,26	1,86	0,61	466,98	0,06	0	0	59	0	4,52
390,1	4,61	8,26	1,86	0,61	465,02	0,06	0	0	59	0	3,16
396,87	4,65	8,26	1,95	0,65	467,81	0,06	0	0	59	0	3,07
401,97	4,65	8,26	1,96	0,66	466,35	0,06	0	0	59	0	3,68
408,7	4,65	8,26	1,96	0,66	466,4	0,06	0	0	59	0	2,9
415,53	4,66	8,26	1,96	0,66	465,8	0,06	0	0	59	0	3,45
420,6	4,65	8,26	1,97	0,66	465,86	0,06	0	0	59	0	4,83
427,47	4,64	8,26	2,06	0,64	467,13	0,06	0	0	59	0	4,12
432,53	4,52	8,26	2,08	0,52	461,71	0,06	0	0	59	0,03	4,87
439,4	4,6	8,26	2,05	0,6	467,55	0,06	0	0	59	0,03	5,45
444,47	4,69	8,26	2,06	0,7	466,86	0,06	0	0	59	0	3,91
451,27	4,7	8,26	2,08	0,7	467,97	0,06	0	0	59	0	5,15
456,37	4,73	8,26	2,15	0,73	466,99	0,06	0	0	59	0	1,98
463,13	4,74	8,26	2,16	0,74	465,67	0,06	0	0	59	0	3,08
468,23	4,74	8,26	2,16	0,74	466,02	0,06	0	0	59	0	3,5
475	4,74	8,26	2,16	0,74	466,46	0,06	0	0	59	0	3,84
481,73	4,74	8,26	2,19	0,74	468,18	0,06	0	0	59	0	3,14
486,87	4,78	8,26	2,25	0,78	466,46	0,06	0	0	59	0	3,1
493,6	4,78	8,26	2,26	0,78	466,03	0,06	0	0	59	0	3,07
498,73	4,78	8,26	2,26	0,78	466,87	0,06	0	0	59	0	3,28
505,53	4,78	8,26	2,26	0,79	467,14	0,06	0	0	59	0	2,8
510,6	4,78	8,26	2,27	0,79	467,27	0,06	0	0	59	0	5,16
517,47	4,82	8,26	2,35	0,82	468,78	0,06	0	0	59	0	3,46
522,53	4,82	8,26	2,36	0,83	466,54	0,06	0	0	59	0	3,79
529,4	4,83	8,26	2,36	0,83	467,25	0,06	0	0	59	0	4,67
536,13	4,83	8,26	2,36	0,83	468,73	0,06	0	0	59	0	3,1
541,27	4,83	8,26	2,38	0,83	468,55	0,06	0	0	59	0	2,65
548	4,87	8,26	2,46	0,87	469,96	0,06	0	0	59	0	1,76
553,13	4,87	8,26	2,46	0,87	464,57	0,06	0	0	59	0	5,22
559,87	4,87	8,26	2,46	0,87	468,44	0,06	0	0	59	0	3,45
565	4,87	8,26	2,46	0,87	465,65	0,06	0	0	59	0	3,03
571,73	4,87	8,26	2,49	0,87	466,88	0,06	0	0	59	0	3,29
576,87	4,91	8,26	2,55	0,91	469,78	0,06	0	0	59	0	3,73
583,6	4,91	8,26	2,56	0,91	467,08	0,06	0	0	59	0	3,93
588,73	4,86	8,26	2,56	0,86	466,37	0,06	0	0	59	0,01	3,08
595,53	4,59	8,26	2,56	0,59	464,22	0,06	0	0	59	0,04	2,66
602,4	4,88	8,26	2,6	0,88	467,32	0,06	0	0	59	0,01	4,15
607,47	4,95	8,26	2,65	0,95	467,14	0,06	0	0	59	0	3,82
614,27	4,95	8,26	2,66	0,95	470,74	0,06	0	0	59	0	3,74
619,37	4,95	8,26	2,66	0,96	468,19	0,06	0	0	59	0	3,54
626,13	4,95	8,26	2,66	0,96	469,95	0,06	0	0	59	0	2,95
631,23	4,96	8,26	2,67	0,96	468,87	0,06	0	0	59	0	2,95
638	4,99	8,26	2,76	1	469,49	0,06	0	0	59	0	2,66
643,1	5	8,26	2,76	1	467,77	0,06	0	0	59	0	3,21
649,87	5	8,26	2,76	1	469,71	0,06	0	0	59	0	2,56
656,6	5	8,26	2,76	1	468,39	0,06	0	0	59	0	3,57
661,73	5	8,26	2,78	1	464,23	0,06	0	0	59	0	3,12
668,53	5,04	8,26	2,86	1,04	470	0,06	0	0	59	0	3,92
673,6	5,04	8,26	2,86	1,04	468,41	0,06	0	0	59	0	1,87
680,47	5,04	8,26	2,86	1,04	464,61	0,06	0	0	59	0	2,16
685,53	5,04	8,26	2,86	1,04	469,64	0,06	0	0	59	0	2,91
692,37	5,05	8,26	2,9	1,05	467,63	0,06	0	0	59	0	4,13
697,43	5,08	8,26	2,95	1,08	470,18	0,06	0	0	59	0	3,13
704,23	5,08	8,26	2,96	1,09	469,57	0,06	0	0	59	0	3,47
711	5,08	8,26	2,96	1,09	469,02	0,06	0	0	59	0	1,68
716,1	5,09	8,26	2,96	1,09	465,06	0,06	0	0	59	0	4,94
722,87	5,06	8,26	3,01	1,07	465,53	0,06	0	0	59	0	3,68
727,97	5,02	8,26	3,06	1,02	464,12	0,06	0	0	59	0,01	3,05
734,73	4,83	8,26	3,05	0,83	469,19	0,06	0	0	59	0,06	2,59
739,83	5,11	8,26	3,06	1,11	469,93	0,06	0	0	59	0,01	3,39
746,6	5,13	8,26	3,06	1,13	468,9	0,06	0	0	59	0	2,94
751,7	5,13	8,26	3,08	1,13	469,56	0,06	0	0	59	0	3,22
758,53	5,17	8,26	3,16	1,17	466,76	0,06	0	0	59	0	2,56
763,57	5,17	8,26	3,16	1,17	469,76	0,06	0	0	59	0	2,73
770,43	5,17	8,26	3,16	1,17	466,7	0,06	0	0	59	0	2,37
777,23	5,17	8,26	3,16	1,17	472,17	0,06	0	0	59	0	4,33
782,33	5,17	8,26	3,19	1,18	467,72	0,06	0	0	59	0	2,5
789,1	5,21	8,26	3,26	1,21	467,33	0,06	0	0	59	0	2,64
794,2	5,21	8,26	3,26	1,22	470,22	0,06	0	0	59	0	4,6
800,97	5,21	8,26	3,26	1,22	468,86	0,06	0	0	59	0	2,44
806,07	5,21	8,26	3,26	1,22	467,42	0,06	0	0	59	0	4,09
812,83	5,22	8,26	3,31	1,22	469,67	0,06	0	0	59	0	3,18
817,93	5,25	8,26	3,35	1,26	469,5	0,06	0	0	59	0	2,72
824,7	5,26	8,26	3,36	1,26	467,03	0,06	0	0	59	0	4,46
831,53	5,26	8,26	3,36	1,26	468,87	0,06	0	0	59	0	4,85
836,57	5,26	8,26	3,36	1,26	469,24	0,06	0	0	59	0	4,2
843,43	5,25	8,26	3,42	1,25	467,7	0,06	0	0	59	0	3,41
848,5	5,19	8,26	3,46	1,19	470,69	0,06	0	0	59	0,01	3,11
855,33	4,98	8,26	3,45	0,98	468,58	0,06	0	0	59	0,06	3
860,43	5,28	8,26	3,46	1,28	467,16	0,06	0	0	59	0,01	3,78
867,2	5,3	8,26	3,46	1,3	469,84	0,06	0	0	59	0	4,08
872,33	5,3	8,26	3,49	1,3	468,46	0,06	0	0	59	0	4,42
879,07	5,34	8,26	3,56	1,34	469,03	0,06	0	0	59	0	2,99
885,83	5,34	8,26	3,56	1,35	466,63	0,06	0	0	59	0	3,45
890,93	5,34	8,26	3,56	1,35	470,13	0,06	0	0	59	0	1,11
897,67	5,34	8,26	3,56	1,35	465,75	0,06	0	0	59	0	2,58
902,8	5,35	8,26	3,6	1,35	467,46	0,06	0	0	59	0	3,56
909,57	5,39	8,26	3,66	1,39	468,79	0,06	0	0	59	0	3,12
914,67	5,39	8,26	3,66	1,39	469,93	0,06	0	0	59	0	2,59
921,5	5,39	8,26	3,66	1,39	469,03	0,06	0	0	59	0	3,21
926,57	5,39	8,26	3,66	1,39	468,69	0,06	0	0	59	0	3,62
933,43	5,4	8,26	3,72	1,4	470,07	0,06	0	0	59	0	1,68
940,2	5,43	8,26	3,76	1,43	468,98	0,06	0	0	59	0	2,65
945,3	5,43	8,26	3,76	1,43	468,03	0,06	0	0	59	0	3,33
952,07	5,42	8,26	3,76	1,42	468,69	0,06	0	0	59	0,01	2,37
957,17	5,32	8,26	3,77	1,33	468,72	0,06	0	0	59	0,01	4,48
963,93	5,12	8,26	3,81	1,12	468,67	0,06	0	0	59	0,07	3,23
969,03	5,45	8,26	3,86	1,45	468,82	0,06	0	0	59	0,01	2,54
975,8	5,47	8,26	3,86	1,47	467,81	0,06	0	0	59	0	2,76
980,9	5,47	8,26	3,86	1,48	467,13	0,06	0	0	59	0	2,49
987,67	5,47	8,26	3,86	1,48	469,08	0,06	0	0	59	0	3,85
994,5	5,49	8,26	3,93	1,49	467,2	0,06	0	0	59	0,01	4,24
999,57	5,51	8,26	3,96	1,52	468,54	0,06	0	0	59	0	3,28
1006,43	5,52	8,26	3,96	1,52	469,45	0,06	0	0	59	0	3,21
1011,5	5,52	8,26	3,96	1,52	467,37	0,06	0	0	59	0	2,19
1018,33	5,52	8,26	3,96	1,52	470,16	0,06	0	0	59	0	2,54
1023,43	5,52	8,26	4,01	1,53	467,61	0,06	0	0	59	0	1,68
1030,17	5,56	8,26	4,06	1,56	471,08	0,06	0	0	59	0	4,05
1035,27	5,56	8,26	4,06	1,56	470,13	0,06	0	0	59	0	3,8
1042,03	5,56	8,26	4,06	1,56	466,64	0,06	0	0	59	0	2,33
1047,13	5,56	8,26	4,06	1,56	469,97	0,06	0	0	59	0	3,06
1053,9	5,53	8,26	4,12	1,53	467,45	0,06	0	0	59	0,01	3,02
1060,67	5,22	8,26	4,15	1,22	467,07	0,06	0	0	59	0,05	4,13
1065,77	5,49	8,26	4,16	1,5	466,97	0,06	0	0	59	0,03	3,87
1072,57	5,6	8,26	4,16	1,6	469,88	0,06	0	0	59	0	3,51
1077,63	5,6	8,26	4,16	1,61	467,03	0,06	0	0	59	0	3,44
1084,5	5,62	8,26	4,23	1,62	467,82	0,06	0	0	59	0,01	2,87
1089,53	5,64	8,26	4,26	1,64	471,33	0,06	0	0	59	0	4,1
1096,43	5,64	8,26	4,26	1,65	470,26	0,06	0	0	59	0	3,24
1101,47	5,65	8,26	4,26	1,65	467,33	0,06	0	0	59	0	3,16
1108,3	5,65	8,26	4,26	1,65	468,59	0,06	0	0	59	0	2,22
1115,07	5,67	8,26	4,34	1,67	468,92	0,06	0	0	59	0	3,22
1120,13	5,69	8,26	4,36	1,69	468,89	0,06	0	0	59	0	2,91
1126,9	5,69	8,26	4,36	1,69	470,93	0,06	0	0	59	0	4,99
1132	5,69	8,26	4,36	1,69	469,76	0,06	0	0	59	0	3,41
1138,77	5,69	8,26	4,36	1,69	471,02	0,06	0	0	59	0	2,95
1143,87	5,7	8,26	4,42	1,7	467,42	0,06	0	0	59	0	2,72
1150,63	5,58	8,26	4,47	1,58	468,31	0,06	0	0	59	0,02	3,32
1155,73	5,34	8,26	4,45	1,34	467,68	0,06	0	0	59	0,06	2,26
1162,53	5,72	8,26	4,46	1,73	469,88	0,06	0	0	59	0	2,68
1167,6	5,73	8,26	4,46	1,73	468,64	0,06	0	0	59	0	4,05
1174,47	5,75	8,26	4,53	1,75	468,97	0,06	0	0	59	0,01	3,27
1181,3	5,78	8,26	4,56	1,78	468,52	0,06	0	0	59	0	2,82
1186,4	5,78	8,26	4,56	1,78	469,37	0,06	0	0	59	0	1,78
1193,17	5,78	8,26	4,56	1,78	469,23	0,06	0	0	59	0	3,94
1198,27	5,78	8,26	4,56	1,78	469,01	0,06	0	0	59	0	3,74
1205	5,8	8,26	4,63	1,8	466,67	0,06	0	0	59	0,01	2,45
1210,17	5,8	8,26	4,58	1,8	470,52	0,06	0	0	59	0	3,28
1216,93	5,78	8,26	4,56	1,78	468,28	0,06	0	0	59	0	3,34
1222,03	5,78	8,26	4,56	1,78	471,86	0,06	0	0	59	0	3,41
1228,8	5,78	8,26	4,56	1,78	469,1	0,06	0	0	59	0	2,84
1233,9	5,75	8,26	4,56	1,75	469,11	0,06	0	0	59	0,01	4,67
1240,67	5,4	8,26	4,48	1,4	467,55	0,06	0	0	59	0,05	2,74
1247,5	5,7	8,26	4,46	1,7	469,31	0,06	0	0	59	0,01	4,47
1252,53	5,74	8,26	4,46	1,74	467,28	0,06	0	0	59	0	3,52
1259,43	5,74	8,26	4,46	1,74	467,4	0,06	0	0	59	0	4,72
1264,47	5,74	8,26	4,46	1,75	470,73	0,06	0	0	59	0	2,87
1271,3	5,72	8,26	4,38	1,72	469,99	0,06	0	0	59	0	2,83
1276,4	5,7	8,26	4,36	1,71	468,69	0,06	0	0	59	0	3,2
1283,17	5,71	8,26	4,36	1,71	470,05	0,06	0	0	59	0	1,97
1288,27	5,71	8,26	4,36	1,71	468,7	0,06	0	0	59	0	4,29
1295,03	5,71	8,26	4,36	1,71	469,75	0,06	0	0	59	0	3,86
1301,8	5,68	8,26	4,27	1,68	468,18	0,06	0	0	59	0	4,54
1306,9	5,67	8,26	4,26	1,67	466,94	0,06	0	0	59	0	2,38
1313,67	5,67	8,26	4,26	1,67	467,89	0,06	0	0	59	0	3,03
1318,77	5,67	8,26	4,26	1,67	467,87	0,06	0	0	59	0	2,99
1325,53	5,62	8,26	4,26	1,63	468	0,06	0	0	59	0,01	4,32
1330,6	5,43	8,26	4,2	1,43	464,99	0,06	0	0	59	0,04	3,43
1337,5	5,52	8,26	4,16	1,52	469,56	0,06	0	0	59	0,03	3,65
1342,57	5,62	8,26	4,16	1,63	468,23	0,06	0	0	59	0	4,26
1349,43	5,63	8,26	4,16	1,63	466,85	0,06	0	0	59	0	4,12
1354,5	5,63	8,26	4,16	1,63	469,62	0,06	0	0	59	0	2,59
1361,33	5,6	8,26	4,08	1,61	468,09	0,06	0	0	59	0	3,1
1368,1	5,59	8,26	4,06	1,59	465,82	0,06	0	0	59	0	2,42
1373,2	5,59	8,26	4,06	1,59	468,48	0,06	0	0	59	0	3,27
1379,97	5,59	8,26	4,06	1,59	469,92	0,06	0	0	59	0	3,28
1385,07	5,59	8,26	4,06	1,59	469,57	0,06	0	0	59	0	5,17
1391,83	5,56	8,26	3,97	1,56	466,64	0,06	0	0	59	0	4,07
1396,93	5,55	8,26	3,96	1,56	468,06	0,06	0	0	59	0	3,87
1403,67	5,55	8,26	3,96	1,56	465,95	0,06	0	0	59	0	2,83
1408,8	5,55	8,26	3,96	1,56	468,24	0,06	0	0	59	0	3,2
1415,57	5,55	8,26	3,96	1,56	469,77	0,06	0	0	59	0	3,97
1422,43	5,5	8,26	3,87	1,5	467,54	0,06	0	0	59	0,01	2,32
1427,5	5,4	8,26	3,87	1,4	466,89	0,06	0	0	59	0,01	2,51
1434,33	5,21	8,26	3,85	1,21	467,65	0,06	0	0	59	0,06	3,03
1439,43	5,5	8,26	3,86	1,5	467,4	0,06	0	0	59	0,01	3,55
1446,2	5,51	8,26	3,86	1,52	468,51	0,06	0	0	59	0	3,29
1451,33	5,49	8,26	3,78	1,49	468,19	0,06	0	0	59	0	4,1
1458,07	5,48	8,26	3,76	1,48	469,53	0,06	0	0	59	0	2,49
1463,2	5,48	8,26	3,76	1,48	465,22	0,06	0	0	59	0	4,03
1469,93	5,48	8,26	3,76	1,48	464,92	0,06	0	0	59	0	2,59
1475,07	5,48	8,26	3,76	1,48	468,67	0,06	0	0	59	0	2,97
1481,8	5,45	8,26	3,67	1,45	466,57	0,06	0	0	59	0	3,82
1488,57	5,44	8,26	3,66	1,44	467,87	0,06	0	0	59	0	2,39
1493,67	5,44	8,26	3,66	1,44	468,36	0,06	0	0	59	0	4,68
1500,5	5,44	8,26	3,66	1,44	467,06	0,06	0	0	59	0	2,32
1505,57	5,44	8,26	3,66	1,44	468,7	0,06	0	0	59	0	4,01
1512,43	5,41	8,26	3,57	1,41	469,3	0,06	0	0	59	0	2,53
1517,5	5,4	8,26	3,56	1,4	468,54	0,06	0	0	59	0	2,41
1524,33	5,4	8,26	3,56	1,4	468,75	0,06	0	0	59	0	4,12
1529,43	5,39	8,26	3,56	1,39	467,77	0,06	0	0	59	0,01	2,39
1536,2	5,25	8,26	3,57	1,25	464,89	0,06	0	0	59	0,02	3,74
1542,93	5,15	8,26	3,46	1,15	468,31	0,06	0	0	59	0,05	2,17
1548,03	5,35	8,26	3,46	1,35	468,39	0,06	0	0	59	0	2,59
1554,8	5,36	8,26	3,46	1,36	465,18	0,06	0	0	59	0	4,84
1559,9	5,36	8,26	3,46	1,36	468,44	0,06	0	0	59	0	2,95
1566,67	5,36	8,26	3,46	1,36	466,73	0,06	0	0	59	0	2,8
1571,77	5,33	8,26	3,38	1,33	469,33	0,06	0	0	59	0	4,23
1578,57	5,32	8,26	3,36	1,32	465,45	0,06	0	0	59	0	3,8
1585,43	5,32	8,26	3,36	1,32	468,82	0,06	0	0	59	0	3,16
1590,5	5,32	8,26	3,36	1,32	466,96	0,06	0	0	59	0	2,29
1597,3	5,32	8,26	3,36	1,32	467,55	0,06	0	0	59	0	4
1602,4	5,29	8,26	3,27	1,29	468,39	0,06	0	0	59	0	2,47
1609,17	5,28	8,26	3,26	1,28	467,87	0,06	0	0	59	0	3,84
1614,27	5,28	8,26	3,26	1,28	466,37	0,06	0	0	59	0	2,58
1621,03	5,28	8,26	3,26	1,28	468,33	0,06	0	0	59	0	4,16
1626,13	5,28	8,26	3,26	1,28	468,11	0,06	0	0	59	0	3,9
1632,9	5,25	8,26	3,17	1,25	467,29	0,06	0	0	59	0	2,99
1639,67	5,24	8,26	3,16	1,24	467,47	0,06	0	0	59	0	3,44
1644,77	5,24	8,26	3,16	1,24	467,68	0,06	0	0	59	0	3,24
1651,57	5,18	8,26	3,16	1,18	467,24	0,06	0	0	59	0,01	2,56
1656,63	5	8,26	3,17	1	464,41	0,06	0	0	59	0,04	3
1663,47	5,12	8,26	3,06	1,12	466,06	0,06	0	0	59	0,02	3,44
1668,53	5,2	8,26	3,06	1,2	468,35	0,06	0	0	59	0	2,66
1675,4	5,2	8,26	3,06	1,2	466,93	0,06	0	0	59	0	4,01
1680,47	5,2	8,26	3,06	1,2	467,34	0,06	0	0	59	0	3,22
1687,27	5,2	8,26	3,06	1,2	466,83	0,06	0	0	59	0	3,5
1692,4	5,17	8,26	2,97	1,17	465,66	0,06	0	0	59	0	4,15
1699,13	5,16	8,26	2,96	1,16	467,68	0,06	0	0	59	0	2,93
1705,9	5,16	8,26	2,96	1,16	465,81	0,06	0	0	59	0	4,44
1711	5,16	8,26	2,96	1,16	467,95	0,06	0	0	59	0	2,59
1717,77	5,16	8,26	2,95	1,16	465,01	0,06	0	0	59	0	2,8
1722,87	5,13	8,26	2,87	1,13	466,03	0,06	0	0	59	0	2,89
1729,6	5,12	8,26	2,86	1,12	466,92	0,06	0	0	59	0	4,25
1734,73	5,12	8,26	2,86	1,12	468,88	0,06	0	0	59	0	2,52
1741,53	5,12	8,26	2,86	1,12	464,68	0,06	0	0	59	0	3,6
1746,6	5,12	8,26	2,86	1,12	465,61	0,06	0	0	59	0	3,31
1753,47	5,09	8,26	2,77	1,09	465,14	0,06	0	0	59	0	2,32
1760,27	5,08	8,26	2,76	1,09	467,85	0,06	0	0	59	0	3,29
1765,4	5,08	8,26	2,76	1,08	465,35	0,06	0	0	59	0	2,87
1772,13	5,08	8,26	2,76	1,09	466,18	0,06	0	0	59	0	3,81
1777,27	5,08	8,26	2,76	1,09	465,73	0,06	0	0	59	0	3,81
1784	5,02	8,26	2,67	1,02	465,02	0,06	0	0	59	0,01	2,8
1789,13	4,95	8,26	2,67	0,95	462,61	0,06	0	0	59	0,01	3,05
1795,87	4,67	8,26	2,65	0,67	464,38	0,06	0	0	59	0,04	3,28
1800,97	5,01	8,26	2,66	1,01	467,51	0,06	0	0	59	0,01	3,43
1807,73	5,04	8,26	2,65	1,04	463,99	0,06	0	0	59	0	3,92
1814,53	5	8,26	2,57	1,01	465,98	0,06	0	0	59	0	3,64
1819,6	5	8,26	2,56	1	465,19	0,06	0	0	59	0	3,45
1826,47	5	8,26	2,56	1	463,33	0,06	0	0	59	0	2,35
1831,53	5	8,26	2,56	1,01	466,23	0,06	0	0	59	0	3,63
1838,4	5	8,26	2,54	1	464,75	0,06	0	0	59	0	3,4
1843,47	4,97	8,26	2,47	0,97	466,1	0,06	0	0	59	0	4,98
1850,27	4,96	8,26	2,46	0,97	466,49	0,06	0	0	59	0	3,11
1855,37	4,96	8,26	2,46	0,96	463,52	0,06	0	0	59	0	3,54
1862,13	4,96	8,26	2,46	0,97	463,81	0,06	0	0	59	0	3
1867,23	4,96	8,26	2,46	0,97	461,07	0,06	0	0	59	0	3,89
1874	4,93	8,26	2,37	0,93	465,09	0,06	0	0	59	0	3,69
1880,73	4,92	8,26	2,36	0,92	466,3	0,06	0	0	59	0	4,29
1885,87	4,92	8,26	2,36	0,92	464,91	0,06	0	0	59	0	3,51
1892,6	4,92	8,26	2,36	0,93	464,12	0,06	0	0	59	0	1,74
1897,7	4,92	8,26	2,36	0,93	464,87	0,06	0	0	59	0	2,36
1904,53	4,89	8,26	2,27	0,89	463,97	0,06	0	0	59	0	4,35
1909,57	4,88	8,26	2,26	0,88	460,98	0,06	0	0	59	0	4,82
1916,47	4,88	8,26	2,26	0,89	460,3	0,06	0	0	59	0	3,47
1921,5	4,88	8,26	2,26	0,88	463,86	0,06	0	0	59	0	3,06
1928,37	4,88	8,26	2,25	0,89	464,71	0,06	0	0	59	0	2,45
1935,13	4,84	8,26	2,16	0,85	463,95	0,06	0	0	59	0	3,78
1940,23	4,84	8,26	2,16	0,84	463,82	0,06	0	0	59	0	3,17
1947	4,8	8,26	2,16	0,8	465,66	0,06	0	0	59	0	2,65
1952,07	4,71	8,26	2,17	0,72	461,17	0,06	0	0	59	0,02	5,32
1958,83	4,6	8,26	2,13	0,6	458,47	0,06	0	0	59	0,05	2,43
1963,93	4,79	8,26	2,07	0,79	465,42	0,06	0	0	59	0	3,39
1970,7	4,8	8,26	2,06	0,8	465,43	0,06	0	0	59	0	3,52
1975,8	4,8	8,26	2,06	0,8	463,79	0,06	0	0	59	0	3,69
1982,57	4,8	8,26	2,06	0,8	463,82	0,06	0	0	59	0	2,71
1989,47	4,8	8,26	2,02	0,8	462,8	0,06	0	0	59	0	3,56
1994,5	4,76	8,26	1,97	0,77	464,81	0,06	0	0	59	0	2,98
2001,37	4,76	8,26	1,96	0,76	460,48	0,06	0	0	59	0	3,98
2006,43	4,76	8,26	1,96	0,76	464,43	0,06	0	0	59	0	2,25
2013,23	4,76	8,26	1,96	0,76	464,13	0,06	0	0	59	0	2,91
2018,33	4,76	8,26	1,95	0,76	462,88	0,06	0	0	59	0	1,92
2025,1	4,72	8,26	1,86	0,73	464,71	0,06	0	0	59	0	2,3
2030,2	4,72	8,26	1,86	0,72	464,5	0,06	0	0	59	0	3,12
2036,93	4,72	8,26	1,86	0,72	458,81	0,06	0	0	59	0	3,07
2042,07	4,72	8,26	1,86	0,72	461,26	0,06	0	0	59	0	3,09
2048,8	4,72	8,26	1,84	0,72	460,61	0,06	0	0	59	0	3,45
2055,57	4,68	8,26	1,76	0,69	462,88	0,06	0	0	59	0	2,41
2060,67	4,68	8,26	1,76	0,68	462,1	0,06	0	0	59	0	2,29
2067,5	4,68	8,26	1,76	0,68	458,92	0,06	0	0	59	0	3,06
2072,57	4,68	8,26	1,76	0,68	463,56	0,06	0	0	59	0	2,91
2079,43	4,68	8,26	1,73	0,68	463,38	0,06	0	0	59	0	3,85
2084,5	4,64	8,26	1,67	0,65	461,29	0,06	0	0	59	0	1,93
2091,33	4,64	8,26	1,66	0,64	460,3	0,06	0	0	59	0	3,04
2096,43	4,64	8,26	1,66	0,64	460,35	0,06	0	0	59	0	4,24
2103,2	4,64	8,26	1,66	0,64	463,57	0,06	0	0	59	0	1,71
2109,97	4,63	8,26	1,61	0,64	464,44	0,06	0	0	59	0	3,08
2115,07	4,6	8,26	1,57	0,6	466,12	0,06	0	0	59	0	2,95
2121,8	4,6	8,26	1,56	0,6	464,27	0,06	0	0	59	0	3,29
2126,93	4,6	8,26	1,56	0,6	461,4	0,06	0	0	59	0	3,02
2133,67	4,6	8,26	1,56	0,6	457,42	0,06	0	0	59	0	2,43
2138,8	4,6	8,26	1,54	0,6	459,14	0,06	0	0	59	0	2,95
2145,57	4,56	8,26	1,46	0,56	461,72	0,06	0	0	59	0	4,2
2150,67	4,56	8,26	1,46	0,56	460,18	0,06	0	0	59	0	2,56
2157,5	4,53	8,26	1,46	0,53	462,64	0,06	0	0	59	0	3,46
2162,57	4,49	8,26	1,46	0,49	457,83	0,06	0	0	59	0,01	3,35
2169,43	4,22	8,26	1,42	0,23	449,4	0,06	0	0	59	0,03	3,62
2176,2	4,48	8,26	1,36	0,49	459,97	0,06	0	0	59	0,01	3,26
2181,33	4,51	8,26	1,36	0,51	458,24	0,06	0	0	59	0	2,68
2188,07	4,51	8,26	1,36	0,52	462,8	0,06	0	0	59	0	2,85
2193,2	4,51	8,26	1,36	0,52	459,74	0,06	0	0	59	0	3,89
2199,93	4,51	8,26	1,32	0,51	457,85	0,06	0	0	59	0	3,39
2205,03	4,48	8,26	1,27	0,48	461,24	0,06	0	0	59	0	3,09
2211,8	4,47	8,26	1,26	0,48	458,15	0,06	0	0	59	0	3,12
2216,9	4,47	8,26	1,26	0,47	457,35	0,06	0	0	59	0	3,09
2223,67	4,47	8,26	1,26	0,48	462,25	0,06	0	0	59	0	2,86
2230,5	4,47	8,26	1,21	0,47	460,36	0,06	0	0	59	0	1,27
2235,57	4,43	8,26	1,16	0,44	458,13	0,06	0	0	59	0	2,76
2242,43	4,43	8,26	1,16	0,43	456,96	0,06	0	0	59	0	3,31
2247,5	4,43	8,26	1,16	0,43	459,25	0,06	0	0	59	0	2,51
2254,33	4,43	8,26	1,16	0,43	457,81	0,06	0	0	59	0	2,9
2259,43	4,43	8,26	1,14	0,43	459,79	0,06	0	0	59	0	3,09
2266,2	4,39	8,26	1,06	0,4	455,21	0,06	0	0	59	0	4,17
2271,3	4,39	8,26	1,06	0,39	458,8	0,06	0	0	59	0	4,65
2278,07	4,39	8,26	1,06	0,39	454,94	0,06	0	0	59	0	3,11
2283,13	4,39	8,26	1,06	0,39	457,52	0,06	0	0	59	0	3,31
2289,93	4,39	8,26	1,02	0,39	454,58	0,06	0	0	59	0	3,96
2296,67	4,35	8,26	0,96	0,35	458,46	0,06	0	0	59	0	3,45
2301,77	4,35	8,26	0,96	0,35	458,16	0,06	0	0	59	0	2,87
2308,57	4,35	8,26	0,96	0,35	456,01	0,06	0	0	59	0	2,91
2313,63	4,35	8,26	0,96	0,35	459,03	0,06	0	0	59	0	3,53
2320,5	4,34	8,26	0,91	0,34	454,97	0,06	0	0	59	0	2,95
2325,53	4,31	8,26	0,87	0,31	456,36	0,06	0	0	59	0	2,11
2332,43	4,31	8,26	0,86	0,31	457,19	0,06	0	0	59	0	3,16
2337,47	4,31	8,26	0,86	0,31	455,92	0,06	0	0	59	0	2,46
2344,3	4,31	8,26	0,86	0,31	455,71	0,06	0	0	59	0	3,23
2351,07	4,3	8,26	0,8	0,3	452,75	0,06	0	0	59	0,01	2,49
2356,17	4,27	8,26	0,76	0,27	453,44	0,06	0	0	59	0	3,23
2362,93	4,26	8,26	0,76	0,27	455,29	0,06	0	0	59	0	3,05
2368	4,27	8,26	0,76	0,27	454,97	0,06	0	0	59	0	2,85
2374,77	4,26	8,26	0,76	0,27	454,25	0,06	0	0	59	0	3,87
dt(s)	Druck(10^-3 mbar)	Ar_Flow(sccm)	O2_Flow(sccm)	O2 Partial Pressure (10^-3 mbar)	MDX 500 V	MDX 500 I	MDX 2500 V	MDX 2500 I	Mean_Loop_Duration(ms)	Var O2 Partial Pressure	Var MDX 500 V	Timesteps (sec): 30,000000	startpoint (sccm): 0,760000	steps (sccm): 0,100000
0	0
4,67	3,99	8,27	0,02	0	341,49	0,11	0	0	59	0	1,3
9,8	3,99	8,27	0,02	-0	341,18	0,11	0	0	59	0	1,71
16,57	3,99	8,27	0,02	-0	343	0,11	0	0	59	0	1,29
23,43	3,99	8,27	0,02	-0	341,46	0,11	0	0	59	0	0,97
28,5	3,99	8,27	0,02	-0	340,15	0,11	0	0	59	0	1,49
35,33	3,99	8,27	0,74	-0	342,08	0,11	0	0	59	0	1,66
40,43	3,98	8,27	0,75	-0,01	340,99	0,11	0	0	59	0	1,87
47,2	3,98	8,27	0,75	-0,01	344,22	0,11	0	0	59	0	1,99
52,3	3,98	8,27	0,76	-0,01	352,89	0,11	0	0	59	0	2,57
59,07	4	8,27	0,76	0,01	425,45	0,09	0	0	59	0	3,78
64,13	4,04	8,27	0,84	0,05	450,28	0,09	0	0	59	0,01	4,36
70,9	4,12	8,27	0,86	0,13	472,97	0,08	0	0	59	0	2,83
77,67	4,15	8,27	0,86	0,16	475,83	0,08	0	0	59	0	2,93
82,77	4,16	8,27	0,86	0,17	476,78	0,08	0	0	59	0	2,04
89,57	4,17	8,27	0,86	0,18	478,52	0,08	0	0	59	0	2,08
94,63	4,2	8,27	0,94	0,21	479,53	0,08	0	0	59	0	2,38
101,5	4,22	8,27	0,96	0,23	480,91	0,08	0	0	59	0	1,82
106,53	4,22	8,27	0,96	0,23	480,73	0,08	0	0	59	0	2,24
113,43	4,23	8,27	0,96	0,24	480,51	0,08	0	0	59	0	1,57
118,47	4,23	8,27	0,96	0,24	479,92	0,08	0	0	59	0	3,6
125,27	4,27	8,27	1,05	0,27	481,09	0,08	0	0	59	0	1,53
132,03	4,28	8,27	1,06	0,29	481,69	0,08	0	0	59	0	2,98
137,13	4,28	8,27	1,06	0,29	481,92	0,08	0	0	59	0	2,97
143,9	4,28	8,27	1,06	0,29	481,91	0,08	0	0	59	0	1,55
149	4,29	8,27	1,06	0,29	481,56	0,08	0	0	59	0	4,32
155,77	4,32	8,27	1,15	0,32	481,67	0,08	0	0	59	0	1,69
160,87	4,31	8,27	1,16	0,32	482,09	0,08	0	0	59	0	2,04
167,6	4,28	8,27	1,16	0,29	479,09	0,08	0	0	59	0	2,57
172,73	4,19	8,27	1,2	0,2	464,29	0,08	0	0	59	0,02	9,42
179,53	4,16	8,27	1,13	0,17	479,9	0,08	0	0	59	0,03	3,07
186,4	4,36	8,27	1,25	0,37	481,07	0,08	0	0	59	0	1,98
191,47	4,37	8,27	1,26	0,38	483,51	0,08	0	0	59	0	3,03
198,27	4,38	8,27	1,26	0,38	483,86	0,08	0	0	59	0	2,86
203,4	4,38	8,27	1,26	0,38	481,05	0,08	0	0	59	0	2,68
210,13	4,38	8,27	1,26	0,39	481,72	0,08	0	0	59	0	1,67
215,23	4,41	8,27	1,35	0,42	483,71	0,08	0	0	59	0	2,28
222	4,42	8,27	1,36	0,43	481,88	0,08	0	0	59	0	2,8
228,73	4,43	8,27	1,36	0,43	482,89	0,08	0	0	59	0	1,86
233,87	4,43	8,27	1,36	0,43	483,66	0,08	0	0	59	0	2,32
240,6	4,43	8,27	1,37	0,44	482,66	0,08	0	0	59	0	2,61
245,73	4,46	8,27	1,45	0,47	482,88	0,08	0	0	59	0	2,07
252,53	4,47	8,27	1,46	0,48	482,89	0,08	0	0	59	0	2,01
257,6	4,47	8,27	1,46	0,48	484,29	0,08	0	0	59	0	2,08
264,47	4,48	8,27	1,46	0,48	483,07	0,08	0	0	59	0	1,52
269,5	4,48	8,27	1,46	0,48	483,89	0,08	0	0	59	0	1,77
276,37	4,51	8,27	1,55	0,52	483,68	0,08	0	0	59	0	1,72
283,13	4,52	8,27	1,56	0,53	483,27	0,08	0	0	59	0	2,12
288,23	4,52	8,27	1,56	0,53	482,65	0,08	0	0	59	0	1,01
295	4,52	8,27	1,56	0,53	482,68	0,08	0	0	59	0	2,09
300,1	4,52	8,27	1,56	0,53	484,29	0,08	0	0	59	0	1,38
306,83	4,56	8,27	1,65	0,57	484,27	0,08	0	0	59	0	3,05
311,93	4,57	8,27	1,66	0,57	484,73	0,08	0	0	59	0	3,55
318,7	4,57	8,27	1,66	0,58	483,7	0,08	0	0	59	0	3,07
323,8	4,57	8,27	1,66	0,58	482,66	0,08	0	0	59	0	2,28
330,57	4,57	8,27	1,67	0,58	483,07	0,08	0	0	59	0	3,4
337,47	4,61	8,27	1,75	0,62	484,48	0,08	0	0	59	0	2,46
342,5	4,61	8,27	1,76	0,62	483,08	0,08	0	0	59	0	1,22
349,37	4,61	8,27	1,76	0,62	483,89	0,08	0	0	59	0	2,72
354,43	4,62	8,27	1,76	0,62	485,5	0,08	0	0	59	0	3,18
361,2	4,62	8,27	1,78	0,63	484,28	0,08	0	0	59	0	2,07
366,33	4,65	8,27	1,85	0,66	484,29	0,08	0	0	59	0	2,45
373,07	4,66	8,27	1,86	0,67	484,51	0,08	0	0	59	0	2,63
379,83	4,66	8,27	1,86	0,67	484,29	0,08	0	0	59	0	2,75
384,93	4,66	8,27	1,86	0,67	483,88	0,08	0	0	59	0	1,5
391,7	4,66	8,27	1,89	0,67	485,31	0,08	0	0	59	0	3,84
396,8	4,68	8,27	1,95	0,69	485,33	0,08	0	0	59	0	3,12
403,57	4,64	8,27	1,96	0,64	484,69	0,08	0	0	59	0,01	1,93
408,67	4,45	8,27	1,97	0,46	478,33	0,08	0	0	59	0,03	2,25
415,5	4,65	8,27	1,96	0,66	485,92	0,08	0	0	59	0,02	2,37
420,57	4,7	8,27	1,96	0,71	484,71	0,08	0	0	59	0	2,03
427,43	4,75	8,27	2,05	0,75	483,65	0,08	0	0	59	0	2,47
434,2	4,75	8,27	2,06	0,76	484,67	0,08	0	0	59	0	1,89
439,33	4,75	8,27	2,06	0,76	485,29	0,08	0	0	59	0	1,45
446,07	4,75	8,27	2,06	0,76	485,54	0,08	0	0	59	0	3,55
451,17	4,76	8,27	2,07	0,76	484,49	0,08	0	0	59	0	1,84
457,93	4,79	8,27	2,16	0,8	483,26	0,08	0	0	59	0	2,66
463,03	4,8	8,27	2,16	0,8	483,68	0,08	0	0	59	0	2,62
469,8	4,8	8,27	2,16	0,81	484,29	0,08	0	0	59	0	2,46
474,9	4,8	8,27	2,16	0,81	484,7	0,08	0	0	59	0	3,06
481,67	4,8	8,27	2,19	0,81	484,08	0,08	0	0	59	0	2,45
488,5	4,84	8,27	2,26	0,85	485,54	0,08	0	0	59	0	2,42
493,53	4,84	8,27	2,26	0,85	486,92	0,08	0	0	59	0	2,41
500,43	4,84	8,27	2,26	0,85	485,11	0,08	0	0	59	0	2,7
505,47	4,84	8,27	2,26	0,85	484,69	0,08	0	0	59	0	2,31
512,3	4,85	8,27	2,3	0,86	484,89	0,08	0	0	59	0	2,62
517,4	4,88	8,27	2,35	0,89	486,31	0,08	0	0	59	0	1,66
524,17	4,89	8,27	2,36	0,9	485,74	0,08	0	0	59	0	1,94
530,93	4,89	8,27	2,36	0,9	485,11	0,08	0	0	59	0	2,84
536	4,89	8,27	2,36	0,9	486,54	0,08	0	0	59	0	2,79
542,77	4,9	8,27	2,41	0,91	483,64	0,08	0	0	59	0	2,36
547,87	4,93	8,27	2,46	0,94	483,68	0,08	0	0	59	0	2,11
554,63	4,93	8,27	2,46	0,94	484,09	0,08	0	0	59	0	1,81
559,73	4,93	8,27	2,46	0,94	485,28	0,08	0	0	59	0	2,85
566,53	4,93	8,27	2,46	0,94	484,27	0,08	0	0	59	0	2,95
571,6	4,92	8,27	2,48	0,92	484,27	0,08	0	0	59	0	2,75
578,47	4,87	8,27	2,56	0,88	483,04	0,08	0	0	59	0,01	2,8
585,27	4,64	8,27	2,55	0,65	482,88	0,08	0	0	59	0,05	2,22
590,4	4,95	8,27	2,56	0,96	484,88	0,08	0	0	59	0,01	2,4
597,13	4,98	8,27	2,56	0,98	484,04	0,08	0	0	59	0	1,63
602,27	4,98	8,27	2,6	0,99	485,09	0,08	0	0	59	0	3,4
609	4,96	8,27	2,49	0,97	484,69	0,08	0	0	59	0,01	2,75
614,13	4,94	8,27	2,46	0,95	484,06	0,08	0	0	59	0	2,23
620,87	4,94	8,27	2,46	0,95	484,07	0,08	0	0	59	0	2,26
627,6	4,94	8,27	2,46	0,95	485,51	0,08	0	0	59	0	1,31
632,73	4,94	8,27	2,46	0,95	483,69	0,08	0	0	59	0	1,93
639,53	4,91	8,27	2,37	0,92	483,27	0,08	0	0	59	0	2,5
644,6	4,9	8,27	2,36	0,91	483,64	0,08	0	0	59	0	1,13
651,47	4,9	8,27	2,36	0,91	482,44	0,08	0	0	59	0	2,92
656,53	4,9	8,27	2,36	0,91	483,89	0,08	0	0	59	0	2,17
663,4	4,9	8,27	2,36	0,91	483,25	0,08	0	0	59	0	2,29
668,47	4,88	8,27	2,28	0,89	483,68	0,08	0	0	59	0	2,14
675,23	4,86	8,27	2,26	0,87	482,67	0,08	0	0	59	0	2,41
682	4,86	8,27	2,26	0,87	482,07	0,08	0	0	59	0	2,89
687,1	4,87	8,27	2,26	0,87	483,67	0,08	0	0	59	0	2,33
693,87	4,87	8,27	2,26	0,87	483,71	0,08	0	0	59	0	2,62
698,97	4,84	8,27	2,18	0,85	481,89	0,08	0	0	59	0	2,15
705,73	4,82	8,27	2,16	0,83	481,64	0,08	0	0	59	0	1,43
710,83	4,83	8,27	2,16	0,83	482,26	0,08	0	0	59	0	2,22
717,6	4,83	8,27	2,16	0,83	482,88	0,08	0	0	59	0	2,57
722,67	4,83	8,27	2,16	0,83	482,07	0,08	0	0	59	0	2,05
729,5	4,8	8,27	2,07	0,8	482,09	0,08	0	0	59	0	1,3
736,37	4,78	8,27	2,06	0,79	481,7	0,08	0	0	59	0	1,88
741,43	4,75	8,27	2,06	0,75	481,46	0,08	0	0	59	0	2,86
748,23	4,62	8,27	2,07	0,63	476,93	0,08	0	0	59	0,02	2,94
753,33	4,47	8,27	2,05	0,48	481,93	0,08	0	0	59	0,04	2,36
760,1	4,74	8,27	1,97	0,75	483,32	0,08	0	0	59	0	2,63
765,2	4,74	8,27	1,96	0,75	482,29	0,08	0	0	59	0	1,87
771,93	4,75	8,27	1,96	0,76	481,26	0,08	0	0	59	0	2,94
778,7	4,75	8,27	1,96	0,76	479,92	0,08	0	0	59	0	4
783,8	4,75	8,27	1,96	0,76	482,68	0,08	0	0	59	0	2,28
790,57	4,71	8,27	1,87	0,72	480,28	0,08	0	0	59	0	1,32
795,67	4,71	8,27	1,86	0,72	481,93	0,08	0	0	59	0	2,36
802,5	4,71	8,27	1,86	0,72	481,84	0,08	0	0	59	0	2
807,57	4,71	8,27	1,86	0,72	480,32	0,08	0	0	59	0	2,06
814,43	4,71	8,27	1,86	0,72	481,11	0,08	0	0	59	0	2,88
819,5	4,68	8,27	1,77	0,69	481,34	0,08	0	0	59	0	3,58
826,33	4,67	8,27	1,76	0,68	480,72	0,08	0	0	59	0	3,86
833,07	4,67	8,27	1,76	0,68	480,27	0,08	0	0	59	0	2,24
838,2	4,67	8,27	1,76	0,68	482,14	0,08	0	0	59	0	2,03
844,93	4,67	8,27	1,75	0,68	480,35	0,08	0	0	59	0	2,04
850,07	4,64	8,27	1,67	0,64	480,54	0,08	0	0	59	0	2,99
856,8	4,63	8,27	1,66	0,64	480,31	0,08	0	0	59	0	2,26
861,93	4,63	8,27	1,66	0,64	479,31	0,08	0	0	59	0	2,58
868,67	4,63	8,27	1,66	0,64	481,12	0,08	0	0	59	0	1,5
873,77	4,63	8,27	1,66	0,64	479,69	0,08	0	0	59	0	2,27
880,57	4,59	8,27	1,57	0,6	479,54	0,08	0	0	59	0	1,63
887,43	4,59	8,27	1,56	0,6	479,09	0,08	0	0	59	0	2,18
892,5	4,59	8,27	1,56	0,6	479,74	0,08	0	0	59	0	2,45
899,33	4,59	8,27	1,56	0,6	478,74	0,08	0	0	59	0	1,33
904,43	4,59	8,27	1,56	0,6	479,32	0,08	0	0	59	0	1,39
911,2	4,55	8,27	1,47	0,56	479,15	0,08	0	0	59	0	2,54
916,3	4,55	8,27	1,46	0,56	476,75	0,08	0	0	59	0	2,23
923,03	4,55	8,27	1,46	0,56	479,17	0,08	0	0	59	0	3,47
928,17	4,55	8,27	1,46	0,56	477,78	0,08	0	0	59	0	2,87
934,9	4,55	8,27	1,46	0,56	478,78	0,08	0	0	59	0	1,98
941,67	4,51	8,27	1,37	0,52	477,98	0,08	0	0	59	0	2,34
946,77	4,51	8,27	1,36	0,52	477,96	0,08	0	0	59	0	2,94
953,57	4,51	8,27	1,36	0,52	477,79	0,08	0	0	59	0	2,29
958,63	4,51	8,27	1,36	0,52	478,54	0,08	0	0	59	0	2,54
965,5	4,51	8,27	1,35	0,52	477,36	0,08	0	0	59	0	2,57
970,53	4,47	8,27	1,27	0,48	476,99	0,08	0	0	59	0	2,03
977,43	4,44	8,27	1,26	0,45	476,22	0,08	0	0	59	0	1,56
982,47	4,42	8,27	1,26	0,43	475,58	0,08	0	0	59	0	2,21
989,27	4,29	8,27	1,29	0,3	465,21	0,08	0	0	59	0,02	2,75
996,03	4,34	8,27	1,23	0,35	475,98	0,08	0	0	59	0,03	2,5
1001,13	4,42	8,27	1,17	0,43	474,06	0,08	0	0	59	0	1,16
1007,9	4,43	8,27	1,16	0,43	476,94	0,08	0	0	59	0	1,54
1013	4,43	8,27	1,16	0,43	476,59	0,08	0	0	59	0	2,2
1019,77	4,43	8,27	1,16	0,43	475,62	0,08	0	0	59	0	1,54
1024,87	4,43	8,27	1,16	0,44	475,82	0,08	0	0	59	0	2,04
1031,63	4,39	8,27	1,07	0,4	476,25	0,08	0	0	59	0	2,95
1036,73	4,39	8,27	1,06	0,39	476,7	0,08	0	0	59	0	2,22
1043,53	4,39	8,27	1,06	0,39	475,87	0,08	0	0	59	0	3,11
1050,4	4,39	8,27	1,06	0,39	475,08	0,08	0	0	59	0	2,35
1055,47	4,39	8,27	1,05	0,4	476,02	0,08	0	0	59	0	2,96
1062,27	4,35	8,27	0,96	0,36	474,27	0,08	0	0	59	0	1,77
1067,4	4,35	8,27	0,96	0,35	473,91	0,08	0	0	59	0	2,45
1074,13	4,34	8,27	0,96	0,35	473,63	0,08	0	0	59	0	2,04
1079,27	4,34	8,27	0,96	0,35	475,5	0,08	0	0	59	0	2,99
1086	4,34	8,27	0,94	0,35	474,82	0,08	0	0	59	0	2,7
1091,13	4,31	8,27	0,87	0,32	472,71	0,08	0	0	59	0	1,31
1097,87	4,31	8,27	0,86	0,31	473,11	0,08	0	0	59	0	1,78
1104,63	4,31	8,27	0,86	0,31	473,71	0,08	0	0	59	0	2,65
1109,73	4,31	8,27	0,86	0,31	473,7	0,08	0	0	59	0	1,78
1116,53	4,3	8,27	0,83	0,31	474,34	0,08	0	0	59	0	3,52
1121,6	4,27	8,27	0,77	0,28	472,42	0,08	0	0	59	0	2,75
1128,47	4,27	8,27	0,76	0,27	471,71	0,08	0	0	59	0	2,29
1133,53	4,26	8,27	0,76	0,27	469,59	0,08	0	0	59	0	3,07
1140,4	4,26	8,27	0,76	0,27	472	0,08	0	0	59	0	2,42
dt(s)	Druck(10^-3 mbar)	Ar_Flow(sccm)	O2_Flow(sccm)	O2 Partial Pressure (10^-3 mbar)	MDX 500 V	MDX 500 I	MDX 2500 V	MDX 2500 I	Mean_Loop_Duration(ms)	Var O2 Partial Pressure	Var MDX 500 V	Timesteps (sec): 30,000000	startpoint (sccm): 0,760000	steps (sccm): 0,100000
0	0
3,57	4	8,26	0,03	-0	350,59	0,14	0	0	59	0	1,31
10,43	4	8,26	0,03	-0	349,87	0,14	0	0	59	0	0,81
17,23	4	8,26	0,03	-0	349,65	0,14	0	0	59	0	1,37
22,33	4	8,26	0,03	-0	349,31	0,14	0	0	59	0	0,98
29,1	4	8,26	0,03	-0	349,14	0,14	0	0	59	0	1,15
34,2	4	8,26	0,74	-0	351,57	0,14	0	0	59	0	1,28
40,93	4,01	8,26	0,75	0,01	422,98	0,12	0	0	59	0	25,41
46,07	4,06	8,26	0,75	0,06	464,75	0,11	0	0	59	0,01	1,96
52,8	4,13	8,26	0,76	0,12	480,94	0,1	0	0	59	0	1,65
57,93	4,14	8,26	0,76	0,14	483,07	0,1	0	0	59	0	1,63
64,67	4,18	8,26	0,84	0,18	490,12	0,1	0	0	59	0	2,26
71,5	4,2	8,26	0,86	0,2	489,8	0,1	0	0	59	0	3,09
76,57	4,2	8,26	0,86	0,2	490,33	0,1	0	0	59	0	2,3
83,43	4,21	8,26	0,86	0,21	490,87	0,1	0	0	59	0	2,48
88,5	4,21	8,26	0,86	0,21	490,93	0,1	0	0	59	0	1,46
95,33	4,25	8,26	0,95	0,25	493,13	0,1	0	0	59	0	1,58
100,43	4,26	8,26	0,96	0,26	494,45	0,1	0	0	59	0	1,99
107,2	4,27	8,26	0,96	0,26	494,02	0,1	0	0	59	0	2,42
112,3	4,27	8,26	0,96	0,27	494,06	0,1	0	0	59	0	1,42
119,03	4,27	8,26	0,96	0,27	493,95	0,1	0	0	59	0	1,33
125,8	4,31	8,26	1,05	0,31	493,96	0,1	0	0	59	0	2,38
130,9	4,32	8,26	1,06	0,31	494,89	0,1	0	0	59	0	1,86
137,67	4,32	8,26	1,06	0,32	496,29	0,1	0	0	59	0	1,65
142,77	4,33	8,26	1,06	0,32	494,6	0,1	0	0	59	0	1,64
149,57	4,33	8,26	1,06	0,33	495,45	0,1	0	0	59	0	1,98
154,63	4,36	8,26	1,14	0,36	495,84	0,1	0	0	59	0	1,77
161,5	4,37	8,26	1,16	0,37	497,14	0,1	0	0	59	0	3,19
168,33	4,38	8,26	1,16	0,37	496,81	0,1	0	0	59	0	2,54
173,4	4,38	8,26	1,16	0,38	495,57	0,1	0	0	59	0	2,19
180,17	4,38	8,26	1,16	0,38	496,24	0,1	0	0	59	0	2,31
185,27	4,42	8,26	1,25	0,41	496,79	0,1	0	0	59	0	1,4
192,03	4,43	8,26	1,26	0,42	497,87	0,1	0	0	59	0	2
197,13	4,43	8,26	1,26	0,43	496,17	0,1	0	0	59	0	1,43
203,9	4,43	8,26	1,26	0,43	497,07	0,1	0	0	59	0	1,74
209	4,43	8,26	1,26	0,43	496,34	0,1	0	0	59	0	1,51
215,73	4,47	8,26	1,35	0,47	498,03	0,1	0	0	59	0	2,15
222,53	4,48	8,26	1,36	0,48	496,46	0,1	0	0	59	0	2,31
227,6	4,48	8,26	1,36	0,48	496,39	0,1	0	0	59	0	1,21
234,47	4,48	8,26	1,36	0,48	498,08	0,1	0	0	59	0	1,83
239,53	4,48	8,26	1,36	0,48	496,56	0,1	0	0	59	0	1,48
246,4	4,52	8,26	1,45	0,52	496,91	0,1	0	0	59	0	3,02
251,47	4,53	8,26	1,46	0,52	496,34	0,1	0	0	59	0	2,76
258,27	4,53	8,26	1,46	0,52	498,59	0,1	0	0	59	0	2
263,4	4,53	8,26	1,46	0,53	498,14	0,1	0	0	59	0	1,4
270,13	4,53	8,26	1,46	0,53	497,23	0,1	0	0	59	0	1,2
276,87	4,57	8,26	1,55	0,57	497,87	0,1	0	0	59	0	2,3
282	4,57	8,26	1,56	0,57	497,24	0,1	0	0	59	0	1,26
288,73	4,58	8,26	1,56	0,57	497,81	0,1	0	0	59	0	2,62
293,87	4,58	8,26	1,56	0,57	498,14	0,1	0	0	59	0	1,77
300,6	4,56	8,26	1,57	0,55	497,35	0,1	0	0	59	0	1,61
305,73	4,53	8,26	1,66	0,53	497,19	0,1	0	0	59	0,01	1,85
312,53	4,43	8,26	1,65	0,43	496,17	0,1	0	0	59	0,02	1,37
317,57	4,59	8,26	1,66	0,59	497,35	0,1	0	0	59	0,01	1,61
324,47	4,62	8,26	1,66	0,62	496,74	0,1	0	0	59	0	1,89
331,27	4,62	8,26	1,68	0,62	497,58	0,1	0	0	59	0	1,83
336,37	4,66	8,26	1,75	0,65	498,76	0,1	0	0	59	0	1,85
343,13	4,66	8,26	1,76	0,66	497,69	0,1	0	0	59	0	1,88
348,23	4,67	8,26	1,76	0,66	498,88	0,1	0	0	59	0	1,91
355	4,67	8,26	1,76	0,66	497,63	0,1	0	0	59	0	2,03
360,1	4,67	8,26	1,76	0,66	496,91	0,1	0	0	59	0	2
366,83	4,7	8,26	1,85	0,7	497,36	0,1	0	0	59	0	2,41
371,93	4,71	8,26	1,86	0,7	498,93	0,1	0	0	59	0	1,61
378,7	4,71	8,26	1,86	0,71	499,04	0,1	0	0	59	0	1,56
385,53	4,71	8,26	1,86	0,71	499,15	0,1	0	0	59	0	1,74
390,57	4,71	8,26	1,87	0,71	498,04	0,1	0	0	59	0	3,32
397,47	4,75	8,26	1,95	0,75	498,14	0,1	0	0	59	0	1,4
402,5	4,75	8,26	1,96	0,75	499,44	0,1	0	0	59	0	1,93
409,37	4,76	8,26	1,96	0,75	499,04	0,1	0	0	59	0	1,62
414,43	4,76	8,26	1,96	0,75	499,55	0,1	0	0	59	0	1,38
421,2	4,76	8,26	1,98	0,75	498,71	0,1	0	0	59	0	2,92
427,97	4,79	8,26	2,06	0,79	498,14	0,1	0	0	59	0	2,07
433,07	4,8	8,26	2,06	0,79	499,27	0,1	0	0	59	0	1,79
439,83	4,8	8,26	2,06	0,79	499,21	0,1	0	0	59	0	1,56
444,93	4,8	8,26	2,06	0,8	499,04	0,1	0	0	59	0	1,78
451,7	4,8	8,26	2,09	0,8	498,15	0,1	0	0	59	0	2,06
456,8	4,83	8,26	2,15	0,83	500,34	0,1	0	0	59	0	1,49
463,57	4,75	8,26	2,17	0,75	498,36	0,1	0	0	59	0,01	1,82
468,7	4,51	8,26	2,15	0,5	495,79	0,1	0	0	59	0,02	1,35
475,53	4,81	8,26	2,16	0,81	498,99	0,1	0	0	59	0,01	2,42
482,4	4,85	8,26	2,21	0,84	499,1	0,1	0	0	59	0	1,99
487,47	4,88	8,26	2,25	0,88	499,89	0,1	0	0	59	0	1,24
494,27	4,88	8,26	2,26	0,88	499,16	0,1	0	0	59	0	2,65
499,33	4,88	8,26	2,26	0,88	500,07	0,1	0	0	59	0	2,26
506,1	4,89	8,26	2,26	0,88	499,1	0,1	0	0	59	0	1,8
511,2	4,89	8,26	2,27	0,88	498,53	0,1	0	0	59	0	1,43
517,97	4,87	8,26	2,19	0,87	498,48	0,1	0	0	59	0,01	2,33
523,07	4,85	8,26	2,16	0,84	499,04	0,1	0	0	59	0	1,99
529,83	4,85	8,26	2,16	0,84	498,6	0,1	0	0	59	0	2,8
536,57	4,85	8,26	2,16	0,84	499,44	0,1	0	0	59	0	2,42
541,67	4,85	8,26	2,16	0,84	499,61	0,1	0	0	59	0	1,74
548,53	4,82	8,26	2,07	0,81	497,64	0,1	0	0	59,8	0	2,16
553,6	4,81	8,26	2,06	0,8	497,07	0,1	0	0	59	0	1,23
560,47	4,81	8,26	2,06	0,8	497,47	0,1	0	0	59	0	2,16
565,53	4,81	8,26	2,06	0,8	497,3	0,1	0	0	59	0	1,88
572,4	4,81	8,26	2,06	0,8	497,8	0,1	0	0	59	0	2,01
577,47	4,78	8,26	1,98	0,78	496,96	0,1	0	0	59	0	1,26
584,27	4,76	8,26	1,96	0,76	497,01	0,1	0	0	59	0	1,35
589,63	4,77	8,26	1,96	0,76	497,97	0,1	0	0	65,3	0	1,26
596,7	4,77	8,26	1,96	0,76	496,12	0,1	0	0	59	0	1,3
601,8	4,77	8,26	1,96	0,76	497,07	0,1	0	0	59	0	2,26
608,57	4,74	8,26	1,87	0,73	497,08	0,1	0	0	59	0	1,99
613,67	4,73	8,26	1,86	0,72	496,84	0,1	0	0	59	0	1,13
620,5	4,73	8,26	1,86	0,72	495,67	0,1	0	0	59	0	2,02
627,33	4,71	8,26	1,86	0,71	495,9	0,1	0	0	59	0	2,01
632,43	4,67	8,26	1,86	0,67	495,96	0,1	0	0	59	0	2,72
639,2	4,43	8,26	1,77	0,43	490,71	0,1	0	0	59	0,03	1,73
644,33	4,56	8,26	1,76	0,55	495,67	0,1	0	0	59	0,03	1,12
651,07	4,68	8,26	1,76	0,68	496,29	0,1	0	0	59	0	1,96
656,2	4,68	8,26	1,76	0,68	497,07	0,1	0	0	59	0	1,37
662,93	4,69	8,26	1,76	0,68	495,96	0,1	0	0	59	0	1,86
668,03	4,66	8,26	1,68	0,66	495,28	0,1	0	0	59	0	1,96
674,8	4,64	8,26	1,66	0,64	496,41	0,1	0	0	59	0	2,45
681,57	4,64	8,26	1,66	0,64	494,23	0,1	0	0	59	0	2,4
686,67	4,65	8,26	1,66	0,64	495,68	0,1	0	0	59	0	1,41
693,5	4,64	8,26	1,66	0,64	495	0,1	0	0	59	0	1,87
698,57	4,62	8,26	1,57	0,61	494,79	0,1	0	0	59	0	2,42
705,43	4,61	8,26	1,56	0,6	495,73	0,1	0	0	59	0	1,78
710,47	4,61	8,26	1,56	0,6	494,91	0,1	0	0	59	0	2,09
717,3	4,6	8,26	1,56	0,6	495,57	0,1	0	0	59	0	2,14
722,4	4,6	8,26	1,56	0,6	493,95	0,1	0	0	59	0	1,86
729,17	4,57	8,26	1,47	0,57	494,79	0,1	0	0	59	0	1,75
735,93	4,56	8,26	1,46	0,56	493,68	0,1	0	0	59	0	2,04
741,03	4,56	8,26	1,46	0,56	494,9	0,1	0	0	59	0	2,34
747,8	4,56	8,26	1,46	0,56	494,18	0,1	0	0	59	0	2,63
752,9	4,56	8,26	1,46	0,56	495,24	0,1	0	0	59	0	2,07
759,67	4,53	8,26	1,37	0,53	494,06	0,1	0	0	59	0	1,71
764,77	4,52	8,26	1,36	0,52	493,85	0,1	0	0	59	0	1,63
771,53	4,52	8,26	1,36	0,52	493,45	0,1	0	0	59	0	1,38
776,6	4,52	8,26	1,36	0,52	494,51	0,1	0	0	59	0	1,66
783,47	4,52	8,26	1,36	0,52	492,85	0,1	0	0	59	0	1,42
790,3	4,49	8,26	1,27	0,48	493,29	0,1	0	0	59	0	1,49
795,4	4,48	8,26	1,26	0,48	493,57	0,1	0	0	59	0	1,92
802,17	4,48	8,26	1,26	0,48	492,91	0,1	0	0	59	0	2,25
807,27	4,48	8,26	1,26	0,48	493,29	0,1	0	0	59	0	2,23
814	4,48	8,26	1,26	0,48	492,69	0,1	0	0	59	0	2,15
819,13	4,45	8,26	1,17	0,45	492,2	0,1	0	0	59	0	1,92
825,87	4,44	8,26	1,16	0,44	492,91	0,1	0	0	59	0	1,58
831	4,44	8,26	1,16	0,44	492,03	0,1	0	0	59	0	1,8
837,73	4,44	8,26	1,16	0,44	491,6	0,1	0	0	59	0	1,82
844,53	4,44	8,26	1,15	0,44	491,31	0,1	0	0	59	0	1,44
849,6	4,41	8,26	1,07	0,4	490,56	0,1	0	0	59	0	1,35
856,47	4,4	8,26	1,06	0,4	491,79	0,1	0	0	59	0	1,57
861,53	4,4	8,26	1,06	0,4	490,11	0,1	0	0	59	0	2,78
868,4	4,4	8,26	1,06	0,4	489,62	0,1	0	0	59	0	2,37
873,47	4,4	8,26	1,06	0,4	490,11	0,1	0	0	59	0	1,93
880,27	4,35	8,26	0,97	0,35	488,6	0,1	0	0	59	0	2,66
885,37	4,32	8,26	0,96	0,32	488,14	0,1	0	0	59	0	2,05
892,13	4,24	8,26	0,98	0,24	482,1	0,1	0	0	59	0,01	1,81
898,87	4,11	8,26	0,93	0,1	482,76	0,1	0	0	59	0,02	4,22
904	4,32	8,26	0,96	0,32	487,66	0,1	0	0	59	0,01	2,5
910,73	4,32	8,26	0,87	0,31	490,38	0,1	0	0	59	0	2,61
915,87	4,31	8,26	0,86	0,31	487,18	0,1	0	0	59	0	2,22
922,6	4,31	8,26	0,86	0,31	488,88	0,1	0	0	59	0	2,04
927,73	4,31	8,26	0,86	0,31	488,37	0,1	0	0	59	0	1,62
934,53	4,32	8,26	0,85	0,31	488,87	0,1	0	0	59	0	2,44
939,57	4,28	8,26	0,77	0,28	489,05	0,1	0	0	59	0	2,09
946,47	4,28	8,26	0,76	0,27	488,59	0,1	0	0	59	0	2,69
953,27	4,27	8,26	0,76	0,27	487,78	0,1	0	0	59	0	1,36
958,37	4,27	8,26	0,76	0,27	486,52	0,1	0	0	59	0	2,03
dt(s)	Druck(10^-3 mbar)	Ar_Flow(sccm)	O2_Flow(sccm)	O2 Partial Pressure (10^-3 mbar)	MDX 500 V	MDX 500 I	MDX 2500 V	MDX 2500 I	Mean_Loop_Duration(ms)	Var O2 Partial Pressure	Var MDX 500 V	Timesteps (sec): 30,000000	startpoint (sccm): 0,760000	steps (sccm): 0,100000
0	0
4,33	4	8,27	0,01	-0	362,75	0,16	0	0	59	0	1,23
11,07	4	8,27	0,01	-0	361,92	0,16	0	0	59	0	1,28
16,17	4	8,27	0,01	-0	362,06	0,16	0	0	59	0	0,94
22,93	4	8,27	0,01	-0	361,96	0,16	0	0	59	0	0,86
28,03	4	8,27	0,01	-0	362,38	0,16	0	0	59	0	1,42
34,8	4,01	8,27	0,74	0	362,94	0,16	0	0	59	0	1,45
39,9	4	8,27	0,75	-0	363,36	0,16	0	0	59	0	0,94
46,67	4	8,27	0,75	-0	363,09	0,16	0	0	59	0	1,41
53,5	4	8,27	0,76	-0,01	362,28	0,16	0	0	59	0	1,29
58,57	4	8,27	0,76	-0,01	361,8	0,16	0	0	59	0	1,67
65,43	4	8,27	0,85	-0,01	363,61	0,16	0	0	59	0	1,17
70,5	4	8,27	0,86	-0,01	364,92	0,16	0	0	59	0	1,52
77,3	4	8,27	0,86	-0	368,99	0,16	0	0	59	0	1,17
82,4	4	8,27	0,86	-0	374,1	0,16	0	0	59	0	2,36
89,17	4,01	8,27	0,86	0,01	382,3	0,15	0	0	59	0	1,37
94,27	4,02	8,27	0,94	0,02	401,77	0,15	0	0	59	0	2,01
101,03	4,06	8,27	0,96	0,06	480,36	0,12	0	0	59	0	3,43
107,8	4,11	8,27	0,96	0,11	494,75	0,12	0	0	59	0	1,85
112,9	4,15	8,27	0,96	0,15	499,81	0,12	0	0	59	0	2,15
119,67	4,18	8,27	0,96	0,17	503,27	0,12	0	0	59	0	2,21
124,77	4,21	8,27	1,04	0,21	509,63	0,12	0	0	59	0	1,82
131,57	4,23	8,27	1,06	0,23	509,32	0,12	0	0	59	0	1,71
136,63	4,24	8,27	1,06	0,24	509,71	0,12	0	0	59	0	1,45
143,5	4,25	8,27	1,06	0,25	510,79	0,12	0	0	59	0	1,63
148,53	4,25	8,27	1,06	0,25	511,43	0,12	0	0	59	0	1,75
155,4	4,29	8,27	1,15	0,29	513,14	0,12	0	0	59	0	2,07
160,47	4,3	8,27	1,16	0,3	514,62	0,11	0	0	59	0	1,73
167,27	4,31	8,27	1,16	0,3	512,31	0,12	0	0	59	0	1,97
174,03	4,31	8,27	1,16	0,31	513,44	0,11	0	0	59	0	1,28
179,13	4,31	8,27	1,16	0,31	513,44	0,11	0	0	59	0	1,71
185,9	4,35	8,27	1,25	0,34	514,79	0,11	0	0	59	0	1,91
191	4,36	8,27	1,26	0,35	514,3	0,11	0	0	59	0	2,44
197,77	4,36	8,27	1,26	0,36	513,87	0,11	0	0	59	0	1,97
202,87	4,36	8,27	1,26	0,36	514,04	0,11	0	0	59	0	1,97
209,63	4,37	8,27	1,26	0,36	514,73	0,11	0	0	59	0	1,71
214,73	4,4	8,27	1,34	0,39	515,81	0,11	0	0	59	0	2,3
221,53	4,41	8,27	1,36	0,4	515,08	0,11	0	0	59	0	1,99
226,6	4,41	8,27	1,36	0,41	515,56	0,11	0	0	59	0	2,09
233,47	4,42	8,27	1,36	0,41	515,36	0,11	0	0	59	0	2,22
240,27	4,42	8,27	1,36	0,41	515,52	0,11	0	0	59	0	1,15
245,4	4,45	8,27	1,45	0,45	515,48	0,11	0	0	59	0	2,13
252,17	4,46	8,27	1,46	0,46	515,95	0,11	0	0	59	0	1,88
257,27	4,46	8,27	1,46	0,46	515,26	0,11	0	0	59	0	1,6
264	4,47	8,27	1,46	0,46	514,13	0,11	0	0	59	0	1,5
269,13	4,47	8,27	1,46	0,46	514,11	0,11	0	0	59	0	2,36
275,87	4,5	8,27	1,55	0,5	515,49	0,11	0	0	59	0	1,93
281	4,51	8,27	1,56	0,51	516,24	0,11	0	0	59	0	2,34
287,73	4,49	8,27	1,56	0,49	515,49	0,11	0	0	59	0	2,78
292,87	4,45	8,27	1,56	0,45	514,99	0,11	0	0	59	0,01	1,87
299,6	4,21	8,27	1,55	0,21	499,98	0,12	0	0	59	0,02	3,66
306,47	4,53	8,27	1,65	0,52	516,35	0,11	0	0	59	0,01	2,23
311,53	4,56	8,27	1,66	0,55	515,6	0,11	0	0	59	0	2,46
318,4	4,56	8,27	1,66	0,56	515,89	0,11	0	0	59	0	2,34
323,47	4,57	8,27	1,66	0,56	514,6	0,11	0	0	59	0	1,71
330,27	4,57	8,27	1,66	0,56	514,56	0,11	0	0	59	0	1,74
335,4	4,6	8,27	1,75	0,6	516,87	0,11	0	0	59	0	1,83
342,13	4,61	8,27	1,76	0,61	516,65	0,11	0	0	59	0	2,31
347,27	4,62	8,27	1,76	0,61	515,35	0,11	0	0	59	0	2,38
354	4,62	8,27	1,76	0,61	516,06	0,11	0	0	59	0	1,66
359,1	4,62	8,27	1,76	0,62	516,09	0,11	0	0	59	0	1,52
365,87	4,66	8,27	1,85	0,65	516,28	0,11	0	0	59	0	1,87
372,6	4,67	8,27	1,86	0,66	515,99	0,11	0	0	59	0	2,09
377,73	4,67	8,27	1,86	0,66	516,39	0,11	0	0	59	0	3,14
384,53	4,67	8,27	1,86	0,67	516,27	0,11	0	0	59	0	1,34
389,6	4,67	8,27	1,86	0,67	517,03	0,11	0	0	59	0	1,92
396,47	4,71	8,27	1,95	0,7	517,36	0,11	0	0	59	0	1,55
401,53	4,71	8,27	1,96	0,71	518,12	0,11	0	0	59	0	2,23
408,4	4,72	8,27	1,96	0,71	516,26	0,11	0	0	59	0	2,66
413,47	4,72	8,27	1,96	0,71	517,22	0,11	0	0	59	0	1,6
420,27	4,72	8,27	1,96	0,72	515,46	0,11	0	0	59	0	2
425,37	4,75	8,27	2,05	0,75	517,95	0,11	0	0	59	0	2,09
432,13	4,76	8,27	2,06	0,76	516,83	0,11	0	0	59	0	1,61
438,87	4,77	8,27	2,06	0,76	516,61	0,11	0	0	59	0	3,12
444	4,77	8,27	2,06	0,76	516,33	0,11	0	0	59	0	1,1
450,73	4,77	8,27	2,06	0,77	516,56	0,11	0	0	59	0	1,51
455,87	4,8	8,27	2,15	0,8	517,24	0,11	0	0	59	0	2,44
462,6	4,81	8,27	2,16	0,81	515,61	0,11	0	0	59	0	1,75
467,73	4,81	8,27	2,16	0,81	517,52	0,11	0	0	59	0	2,2
474,53	4,81	8,27	2,16	0,81	517,08	0,11	0	0	59	0	1,95
479,57	4,76	8,27	2,16	0,76	515,68	0,11	0	0	59	0,01	1,82
486,47	4,57	8,27	2,25	0,56	513,89	0,11	0	0	59	0,03	2,64
493,27	4,81	8,27	2,26	0,8	518,04	0,11	0	0	59	0,01	2,71
498,37	4,86	8,27	2,26	0,85	518,53	0,11	0	0	59	0	2,22
505,13	4,86	8,27	2,26	0,86	517,87	0,11	0	0	59	0	1,58
510,23	4,86	8,27	2,26	0,86	516,01	0,11	0	0	59	0	2,1
517	4,9	8,27	2,3	0,9	516,83	0,11	0	0	59	0	2,01
522,1	4,84	8,27	2,17	0,83	515,79	0,11	0	0	59	0	1,96
528,87	4,83	8,27	2,16	0,82	517,43	0,11	0	0	59	0	1,83
533,97	4,83	8,27	2,16	0,82	517,51	0,11	0	0	59	0	1,98
540,73	4,83	8,27	2,16	0,83	515,94	0,11	0	0	59	0	2,04
545,83	4,83	8,27	2,16	0,83	516,33	0,11	0	0	59	0	2,17
552,6	4,79	8,27	2,07	0,79	515,79	0,11	0	0	59	0	0,95
559,47	4,79	8,27	2,06	0,79	516,63	0,11	0	0	59	0	2,79
564,53	4,79	8,27	2,06	0,79	515,98	0,11	0	0	59	0	1,41
571,4	4,79	8,27	2,06	0,79	516,26	0,11	0	0	59	0	2,24
576,43	4,79	8,27	2,05	0,79	515,67	0,11	0	0	59	0	2,43
583,23	4,76	8,27	1,96	0,75	515,22	0,11	0	0	59	0	2,63
588,33	4,76	8,27	1,96	0,75	514,77	0,11	0	0	59	0	2,27
595,1	4,76	8,27	1,96	0,75	516,26	0,11	0	0	59	0	3,52
600,2	4,76	8,27	1,96	0,75	515,89	0,11	0	0	59	0	3,88
606,97	4,76	8,27	1,94	0,75	515,71	0,11	0	0	59	0	2,66
612,07	4,72	8,27	1,87	0,72	514,91	0,11	0	0	59	0	1,31
618,83	4,72	8,27	1,86	0,72	515,68	0,11	0	0	59	0	2,24
625,6	4,72	8,27	1,86	0,71	516,71	0,11	0	0	59	0	2,88
630,7	4,72	8,27	1,86	0,72	515,3	0,11	0	0	59	0	2,43
637,53	4,72	8,27	1,83	0,71	516,4	0,11	0	0	59	0	2,32
642,57	4,68	8,27	1,77	0,68	514,22	0,11	0	0	59	0	2,76
649,47	4,68	8,27	1,76	0,68	514,35	0,11	0	0	59	0	2,53
654,5	4,68	8,27	1,76	0,67	515,13	0,11	0	0	59	0	2,22
661,37	4,62	8,27	1,76	0,62	513,99	0,11	0	0	59	0,01	2,23
666,43	4,49	8,27	1,77	0,48	510,69	0,12	0	0	59	0,02	2,17
673,23	4,51	8,27	1,66	0,51	513,88	0,11	0	0	59	0,03	2,07
678,33	4,63	8,27	1,66	0,63	513,31	0,11	0	0	59	0	2,89
685,07	4,64	8,27	1,66	0,63	513,29	0,12	0	0	59	0	2,89
691,83	4,64	8,27	1,66	0,64	514,83	0,11	0	0	59	0	2,15
696,93	4,64	8,27	1,65	0,64	515,95	0,11	0	0	59	0	1,38
703,7	4,6	8,27	1,56	0,6	514,06	0,11	0	0	59	0	2,57
708,8	4,6	8,27	1,56	0,6	514,48	0,11	0	0	59	0	2,89
715,57	4,6	8,27	1,56	0,6	512,91	0,11	0	0	59	0	2,29
720,67	4,6	8,27	1,56	0,6	513,98	0,11	0	0	59	0	2,53
727,5	4,6	8,27	1,53	0,6	513,75	0,11	0	0	59	0	2,23
732,57	4,57	8,27	1,47	0,56	513,48	0,11	0	0	59	0	1,98
739,43	4,56	8,27	1,46	0,56	512,94	0,12	0	0	59	0	1,58
744,5	4,56	8,27	1,46	0,56	513,96	0,12	0	0	59	0	2,02
751,33	4,56	8,27	1,46	0,56	513,92	0,12	0	0	59	0	2,31
758,1	4,56	8,27	1,42	0,56	514,32	0,11	0	0	59	0	3,52
763,2	4,53	8,27	1,37	0,52	512,47	0,12	0	0	59	0	2,94
769,97	4,52	8,27	1,36	0,52	512,24	0,12	0	0	59	0	2,62
775,07	4,52	8,27	1,36	0,52	514,49	0,11	0	0	59	0	3,41
781,8	4,52	8,27	1,36	0,52	513,78	0,11	0	0	59	0	1,75
786,93	4,52	8,27	1,35	0,52	514,01	0,12	0	0	59	0	3,05
793,7	4,49	8,27	1,26	0,48	512,21	0,12	0	0	59	0	1,98
798,8	4,48	8,27	1,26	0,48	512,26	0,12	0	0	59	0	2,08
805,57	4,48	8,27	1,26	0,48	513,58	0,12	0	0	59	0	2,68
812,43	4,48	8,27	1,26	0,48	511,83	0,12	0	0	59	0	1,9
817,5	4,48	8,27	1,24	0,48	512,46	0,12	0	0	59	0	2,74
824,33	4,44	8,27	1,16	0,44	512,36	0,12	0	0	59	0	2,06
829,43	4,44	8,27	1,16	0,44	512,02	0,12	0	0	59	0	1,72
836,2	4,44	8,27	1,16	0,44	511,56	0,12	0	0	59	0	1,47
841,33	4,44	8,27	1,16	0,44	511,52	0,12	0	0	59	0	1,5
848,07	4,44	8,27	1,12	0,43	511,12	0,12	0	0	59	0	1,84
853,2	4,41	8,27	1,07	0,4	510,92	0,12	0	0	59	0	1,38
859,93	4,4	8,27	1,06	0,4	512,05	0,12	0	0	59	0	2,78
865,07	4,4	8,27	1,06	0,4	511,51	0,12	0	0	59	0	2,64
871,8	4,4	8,27	1,06	0,4	509,95	0,12	0	0	59	0	1,88
878,57	4,4	8,27	1,01	0,39	510,96	0,12	0	0	59	0	1,48
883,67	4,36	8,27	0,97	0,36	511,02	0,12	0	0	59	0	2,4
890,5	4,36	8,27	0,96	0,36	509,52	0,12	0	0	59	0	2,08
895,57	4,36	8,27	0,96	0,35	509,17	0,12	0	0	59	0	2,24
902,43	4,36	8,27	0,96	0,35	509,28	0,12	0	0	59	0	2,06
907,5	4,36	8,27	0,94	0,35	509,47	0,12	0	0	59	0	1,99
914,33	4,32	8,27	0,86	0,32	509,5	0,12	0	0	59	0	2,17
919,43	4,32	8,27	0,86	0,31	508,7	0,12	0	0	59	0	1,37
926,2	4,32	8,27	0,86	0,31	509,36	0,12	0	0	59	0	2,69
931,3	4,32	8,27	0,86	0,31	509,65	0,12	0	0	59	0	1,46
938,07	4,32	8,27	0,83	0,31	509,47	0,12	0	0	59	0	2,85
944,8	4,28	8,27	0,76	0,27	507,21	0,12	0	0	59	0	1,42
949,93	4,26	8,27	0,76	0,26	505,43	0,12	0	0	59	0	1,91
956,67	4,23	8,27	0,76	0,22	501,37	0,12	0	0	59	0	2,29
961,8	4,15	8,27	0,78	0,15	482,73	0,12	0	0	59	0,01	2,77
